# nurbs mesh v.2.1 
# example.dat 
# Generated by BEMBEL, see www.bembel.eu 
# 
2 3 16 0 0 
PATCH 0 
3 3 
5 5 
0.0000000000000000   0.0000000000000000   0.0000000000000000   0.0000000000000000   0.5000000000000000   1.0000000000000000   1.0000000000000000   1.0000000000000000   1.0000000000000000 
0.0000000000000000   0.0000000000000000   0.0000000000000000   0.0000000000000000   0.5000000000000000   1.0000000000000000   1.0000000000000000   1.0000000000000000   1.0000000000000000 
-0.0782712846994400   0.1209478609903361   0.1364165106752501   0.1476430474193710   0.0120587702840567   0.1328474428161448   0.0903171747368001   0.2421868983164681   0.1432924126197890   0.1607129833845427   0.3266861593562929   0.3740890219923731   0.2911926557066532   0.3709778101350070   0.3600755933163649   0.5325112195575517   0.4782307279088095   0.2916704007582778   0.4396101240025264   0.5196289475755204   0.5883945822715759   0.4850988282457364   0.3132869714622427   0.4486294232373167   0.5797284841537476 
0.1801497191190720   0.1550873702490169   0.0142391280229051   -0.1108470836181845   -0.2084899693727493   0.2934327923211212   0.1579010479313739   0.0392194497771797   -0.1386544313720632   -0.2659127356361830   0.2993999752917303   0.2230874341760489   0.0218799264854629   -0.1625581533159448   -0.2758464304345362   0.2631922632264332   0.1713047116461463   0.0426425889450911   -0.1665211191858289   -0.2446331717297175   0.1814445257186890   0.1622785276680498   0.0365333614392531   -0.1620147707953993   -0.1716051995754242 
0.2341064214706421   0.1791387486135358   0.1836060025875919   0.1901259913943708   0.2392452061176300   0.2745156327733807   0.2842919062460680   0.2138293155070700   0.2889297495003421   0.2920684666218487   0.2805756549284545   0.3380841710100120   0.2150643715582032   0.2928666733756737   0.2804590983463033   0.2566822382665376   0.2147098848277594   0.0906460911325101   0.1882705645305413   0.2497649250966933   0.2223339229822159   0.1644479237930796   0.0896121190033247   0.1373991299099741   0.2121638506650925 
1.0000000000000000   1.0000000000000000   1.0000000000000000   1.0000000000000000   1.0000000000000000   1.0000000000000000   1.0000000000000000   1.0000000000000000   1.0000000000000000   1.0000000000000000   1.0000000000000000   1.0000000000000000   1.0000000000000000   1.0000000000000000   1.0000000000000000   1.0000000000000000   1.0000000000000000   1.0000000000000000   1.0000000000000000   1.0000000000000000   1.0000000000000000   1.0000000000000000   1.0000000000000000   1.0000000000000000   1.0000000000000000 
PATCH 1 
3 3 
5 5 
0.0000000000000000   0.0000000000000000   0.0000000000000000   0.0000000000000000   0.5000000000000000   1.0000000000000000   1.0000000000000000   1.0000000000000000   1.0000000000000000 
0.0000000000000000   0.0000000000000000   0.0000000000000000   0.0000000000000000   0.5000000000000000   1.0000000000000000   1.0000000000000000   1.0000000000000000   1.0000000000000000 
-0.0782712846994400   0.1328474428161448   0.3266861593562929   0.5325112195575517   0.5883945822715759   -0.0371058821352899   0.0728767946904683   0.3589979038710819   0.5800592422575809   0.6931204848069596   -0.0106027866163403   0.1312171891799362   0.3324802127010099   0.6583042630326817   0.8232423583910353   0.0067813183617707   0.1169291093382943   0.3626068275681164   0.5588533680615712   0.6813853054664393   0.0074140834622085   0.1564370453059312   0.3446747435976538   0.5036475107636406   0.5692630410194397 
0.1801497191190720   0.2934327923211212   0.2993999752917303   0.2631922632264332   0.1814445257186890   0.4190576256893435   0.3577853146965108   0.4392620897190708   0.3545461849722314   0.2932316635667527   0.4275222307038204   0.4942929084986794   0.4341204554465360   0.5427382153595244   0.4766717739683271   0.4162148291592669   0.3734189119439838   0.4293480561837458   0.3769643693970813   0.3232174905532614   0.2112152129411697   0.2687439392941132   0.2814344331304191   0.2539411170883130   0.1830473244190216 
0.2341064214706421   0.2745156327733807   0.2805756549284545   0.2566822382665376   0.2223339229822159   0.2786495402129439   0.2300562551794460   0.2221987976814413   0.2848784067098646   0.3100845409577994   -0.0138818685353052   0.0128766973340793   0.0155682754810144   0.0256381588435299   0.0276755467478502   -0.2526035514968322   -0.2522111488807493   -0.2243820001393059   -0.2878512012201181   -0.3299055524392970   -0.2439392805099487   -0.2921267724221657   -0.2768843955817849   -0.2613968324237053   -0.2227510958909988 
1.0000000000000000   1.0000000000000000   1.0000000000000000   1.0000000000000000   1.0000000000000000   1.0000000000000000   1.0000000000000000   1.0000000000000000   1.0000000000000000   1.0000000000000000   1.0000000000000000   1.0000000000000000   1.0000000000000000   1.0000000000000000   1.0000000000000000   1.0000000000000000   1.0000000000000000   1.0000000000000000   1.0000000000000000   1.0000000000000000   1.0000000000000000   1.0000000000000000   1.0000000000000000   1.0000000000000000   1.0000000000000000 
PATCH 2 
3 3 
5 5 
0.0000000000000000   0.0000000000000000   0.0000000000000000   0.0000000000000000   0.5000000000000000   1.0000000000000000   1.0000000000000000   1.0000000000000000   1.0000000000000000 
0.0000000000000000   0.0000000000000000   0.0000000000000000   0.0000000000000000   0.5000000000000000   1.0000000000000000   1.0000000000000000   1.0000000000000000   1.0000000000000000 
-0.0782712846994400   -0.3176393865192549   -0.4118375179401156   -0.4802108211981784   -0.5735125541687012   -0.1876170191604839   -0.2114866923357274   -0.4581957738336639   -0.4839053927460670   -0.5483260728776457   -0.1399433211091599   -0.2448531946713279   -0.3647394121147436   -0.4936221304230039   -0.5225789018484417   -0.1225059145652390   -0.1192417073441775   -0.3864867029839114   -0.5242901376873312   -0.5815523979016120   0.0120587702840567   -0.1351201652108158   -0.3484826941105976   -0.5657474540836446   -0.6361185908317566 
0.1801497191190720   0.0645291792625436   -0.0343798046115477   -0.1045950932026398   -0.1520018279552460   0.0340581924396783   0.0466023368139513   -0.0501894244003622   -0.1064548513041079   -0.0724721178688019   -0.0306273209107140   -0.0637727813681502   -0.0764117916950651   -0.0939060367458666   -0.0830409841989339   -0.1489020216851341   -0.1718218628763728   -0.2378034521662615   -0.1905268035024899   -0.1469383810952989   -0.2084899693727493   -0.2934485662129465   -0.3139362894122610   -0.2739551498182838   -0.2224715799093246 
0.2341064214706421   0.3102366303548419   0.0862154816865241   -0.0817046807913882   -0.1931587308645248   0.1865787543566034   0.3082381449845470   0.1426952870918752   -0.0404416617224520   -0.0815333004710414   0.2042207273626336   0.2571942029879598   0.2281269599537277   0.1097453239180832   0.0751306803633318   0.1969666539660809   0.2946404973194860   0.3167539133535733   0.2122992065178304   0.2206493272851967   0.2392452061176300   0.2803617942088574   0.2736474007367994   0.2466244166522559   0.2425528615713120 
1.0000000000000000   1.0000000000000000   1.0000000000000000   1.0000000000000000   1.0000000000000000   1.0000000000000000   1.0000000000000000   1.0000000000000000   1.0000000000000000   1.0000000000000000   1.0000000000000000   1.0000000000000000   1.0000000000000000   1.0000000000000000   1.0000000000000000   1.0000000000000000   1.0000000000000000   1.0000000000000000   1.0000000000000000   1.0000000000000000   1.0000000000000000   1.0000000000000000   1.0000000000000000   1.0000000000000000   1.0000000000000000 
PATCH 3 
3 3 
5 5 
0.0000000000000000   0.0000000000000000   0.0000000000000000   0.0000000000000000   0.5000000000000000   1.0000000000000000   1.0000000000000000   1.0000000000000000   1.0000000000000000 
0.0000000000000000   0.0000000000000000   0.0000000000000000   0.0000000000000000   0.5000000000000000   1.0000000000000000   1.0000000000000000   1.0000000000000000   1.0000000000000000 
-0.0782712846994400   -0.1876170191604839   -0.1399433211091599   -0.1225059145652390   0.0120587702840567   -0.0216341624599935   -0.0879024435041996   -0.1495401813718886   -0.0342109935703993   0.0133587519348104   -0.0118302074172704   -0.0571981264009670   -0.1079835153880330   -0.0571699963729330   -0.0095227494821502   0.0150059061787928   -0.0350846448236027   -0.1497924483533236   -0.0858742814531255   -0.0227754871802827   0.0074140834622085   -0.1253616246457460   -0.1400516249516395   -0.1903776771156944   -0.0754629150032997 
0.1801497191190720   0.0340581924396783   -0.0306273209107140   -0.1489020216851341   -0.2084899693727493   0.0748664614846245   0.1026373735623533   -0.0440198333226117   -0.1275474547244815   -0.0786885513593882   0.1114886676808760   0.0650601838637664   -0.0014318511681316   -0.0637120666667562   -0.1133143890722673   0.0786672166860469   0.1251389819306869   0.0453312888021373   -0.1042319018366476   -0.0760348623819045   0.2112152129411697   0.1513612211644923   0.0321705998149182   -0.0350535438084257   -0.1850634813308716 
0.2341064214706421   0.1865787543566034   0.2042207273626336   0.1969666539660809   0.2392452061176300   0.1211087353110966   0.1405162415449750   0.1208970354224134   0.1492283475707058   0.1368978466341369   -0.0030392903116514   -0.0074134269118127   -0.0058683956559611   -0.0054544785041832   -0.0088273899279680   -0.1479277480929357   -0.1592766855761029   -0.1344265527652337   -0.1502654433453834   -0.1334451968564033   -0.2439392805099487   -0.2050838998140886   -0.2138496851090918   -0.1985022790936804   -0.2376793920993805 
1.0000000000000000   1.0000000000000000   1.0000000000000000   1.0000000000000000   1.0000000000000000   1.0000000000000000   1.0000000000000000   1.0000000000000000   1.0000000000000000   1.0000000000000000   1.0000000000000000   1.0000000000000000   1.0000000000000000   1.0000000000000000   1.0000000000000000   1.0000000000000000   1.0000000000000000   1.0000000000000000   1.0000000000000000   1.0000000000000000   1.0000000000000000   1.0000000000000000   1.0000000000000000   1.0000000000000000   1.0000000000000000 
PATCH 4 
3 3 
5 5 
0.0000000000000000   0.0000000000000000   0.0000000000000000   0.0000000000000000   0.5000000000000000   1.0000000000000000   1.0000000000000000   1.0000000000000000   1.0000000000000000 
0.0000000000000000   0.0000000000000000   0.0000000000000000   0.0000000000000000   0.5000000000000000   1.0000000000000000   1.0000000000000000   1.0000000000000000   1.0000000000000000 
-0.0782712846994400   -0.0371058821352899   -0.0106027866163403   0.0067813183617707   0.0074140834622085   -0.2628356822723729   -0.1640301071485399   -0.1402610122742610   -0.1055521425029004   -0.1455938833431687   -0.4148679815334512   -0.4096951690707997   -0.3424506641158329   -0.3644783461211343   -0.3535874944414285   -0.5415546590418643   -0.5849259181003682   -0.6647845842108064   -0.5939487997218346   -0.5659115126783788   -0.5850874781608582   -0.6912679020489420   -0.8474039523665708   -0.6951402649403781   -0.6337227821350098 
0.1801497191190720   0.4190576256893435   0.4275222307038204   0.4162148291592669   0.2112152129411697   0.2538564454135623   0.3689609577775370   0.4867912007369488   0.3690565613574523   0.2988657078514368   0.2545391816052405   0.4255621382708097   0.4518405467151643   0.4153839786016758   0.3148947751481660   0.2138012935044525   0.3462092180658374   0.5369106479335559   0.3597988335842944   0.2712008634708565   0.1460293382406235   0.2854774683184031   0.4778227527576154   0.2867376567368375   0.2114069461822510 
0.2341064214706421   0.2786495402129439   -0.0138818685353052   -0.2526035514968322   -0.2439392805099487   0.3172604089365120   0.2503457706779951   -0.0096898607068782   -0.2277429025623254   -0.2819616708086617   0.2400480167510451   0.2628026537242496   -0.0427033617367261   -0.2020877508137945   -0.2597503541775568   0.2363821891758623   0.2992123073484404   -0.0259836385887040   -0.2667674836228757   -0.2459727776318877   0.1918635219335556   0.3378076861681409   -0.0337898910153167   -0.2906601589919999   -0.2427839338779449 
1.0000000000000000   1.0000000000000000   1.0000000000000000   1.0000000000000000   1.0000000000000000   1.0000000000000000   1.0000000000000000   1.0000000000000000   1.0000000000000000   1.0000000000000000   1.0000000000000000   1.0000000000000000   1.0000000000000000   1.0000000000000000   1.0000000000000000   1.0000000000000000   1.0000000000000000   1.0000000000000000   1.0000000000000000   1.0000000000000000   1.0000000000000000   1.0000000000000000   1.0000000000000000   1.0000000000000000   1.0000000000000000 
PATCH 5 
3 3 
5 5 
0.0000000000000000   0.0000000000000000   0.0000000000000000   0.0000000000000000   0.5000000000000000   1.0000000000000000   1.0000000000000000   1.0000000000000000   1.0000000000000000 
0.0000000000000000   0.0000000000000000   0.0000000000000000   0.0000000000000000   0.5000000000000000   1.0000000000000000   1.0000000000000000   1.0000000000000000   1.0000000000000000 
-0.0782712846994400   -0.2628356822723729   -0.4148679815334512   -0.5415546590418643   -0.5850874781608582   -0.3176393865192549   -0.3141103688715044   -0.4730152592798531   -0.4758835691827122   -0.4894973299551043   -0.4118375179401156   -0.4436428878950976   -0.3618041324372164   -0.4416977455179876   -0.4067658493434169   -0.4802108211981784   -0.4651315799896379   -0.4695216364018572   -0.3165413304690153   -0.3247906322365791   -0.5735125541687012   -0.5281224670250110   -0.4038190543471447   -0.2589072556326159   -0.0754629150032997 
0.1801497191190720   0.2538564454135623   0.2545391816052405   0.2138012935044525   0.1460293382406235   0.0645291792625436   0.1108201190918914   0.1389800222101507   0.0982968366703665   0.1026251153580243   -0.0343798046115477   -0.0367485074853447   -0.0056308289941336   0.0379825951273540   0.0332964190823514   -0.1045950932026398   -0.1039637006259856   -0.1339535476830497   -0.1169231348055248   -0.0665994296653754   -0.1520018279552460   -0.2184966547898975   -0.2564288652319563   -0.2592486947619383   -0.1850634813308716 
0.2341064214706421   0.3172604089365120   0.2400480167510451   0.2363821891758623   0.1918635219335556   0.3102366303548419   0.2829608468512131   0.2255005957227975   0.1513994132312921   0.0781562969056820   0.0862154816865241   0.0715551509874397   0.0022993365824282   -0.0585703254240158   -0.0788402290246700   -0.0817046807913882   -0.1572314715518318   -0.2275662082500769   -0.2957693330275536   -0.3219321043938179   -0.1931587308645248   -0.2420124061874442   -0.2434067168327698   -0.3098443809589050   -0.2376793920993805 
1.0000000000000000   1.0000000000000000   1.0000000000000000   1.0000000000000000   1.0000000000000000   1.0000000000000000   1.0000000000000000   1.0000000000000000   1.0000000000000000   1.0000000000000000   1.0000000000000000   1.0000000000000000   1.0000000000000000   1.0000000000000000   1.0000000000000000   1.0000000000000000   1.0000000000000000   1.0000000000000000   1.0000000000000000   1.0000000000000000   1.0000000000000000   1.0000000000000000   1.0000000000000000   1.0000000000000000   1.0000000000000000 
PATCH 6 
3 3 
5 5 
0.0000000000000000   0.0000000000000000   0.0000000000000000   0.0000000000000000   0.5000000000000000   1.0000000000000000   1.0000000000000000   1.0000000000000000   1.0000000000000000 
0.0000000000000000   0.0000000000000000   0.0000000000000000   0.0000000000000000   0.5000000000000000   1.0000000000000000   1.0000000000000000   1.0000000000000000   1.0000000000000000 
-0.0782712846994400   -0.0216341624599935   -0.0118302074172704   0.0150059061787928   0.0074140834622085   0.1209478609903361   0.0063161172577373   0.0688411950546227   0.0484605901128709   0.1499205885956303   0.1364165106752501   0.1821965769473987   0.0667948150262263   0.1814015091465099   0.1358317118329717   0.1476430474193710   0.0475066638524892   0.0658554207797541   0.0056457150575394   0.1239983507787967   0.0120587702840567   0.0133587519348104   -0.0095227494821502   -0.0227754871802827   -0.0754629150032997 
0.1801497191190720   0.0748664614846245   0.1114886676808760   0.0786672166860469   0.2112152129411697   0.1550873702490169   0.1336308834596874   0.0604331913098762   0.1192028981037859   0.1130138664084183   0.0142391280229051   0.0245692241283006   0.0024249975975981   -0.0306712105808900   -0.0211900434095845   -0.1108470836181845   -0.1179140633205088   -0.0631570191006854   -0.1322043342809335   -0.1586721759651268   -0.2084899693727493   -0.0786885513593882   -0.1133143890722673   -0.0760348623819045   -0.1850634813308716 
0.2341064214706421   0.1211087353110966   -0.0030392903116514   -0.1479277480929357   -0.2439392805099487   0.1791387486135358   0.1385636776210816   -0.0112030694030293   -0.1525817774703106   -0.1938859992187945   0.1836060025875919   0.1114865381106869   -0.0054825483882475   -0.1278163182966003   -0.1958372185756834   0.1901259913943708   0.1460240999514052   -0.0056512203001600   -0.1489642671682940   -0.1906537854851307   0.2392452061176300   0.1368978466341369   -0.0088273899279680   -0.1334451968564033   -0.2376793920993805 
1.0000000000000000   1.0000000000000000   1.0000000000000000   1.0000000000000000   1.0000000000000000   1.0000000000000000   1.0000000000000000   1.0000000000000000   1.0000000000000000   1.0000000000000000   1.0000000000000000   1.0000000000000000   1.0000000000000000   1.0000000000000000   1.0000000000000000   1.0000000000000000   1.0000000000000000   1.0000000000000000   1.0000000000000000   1.0000000000000000   1.0000000000000000   1.0000000000000000   1.0000000000000000   1.0000000000000000   1.0000000000000000 
PATCH 7 
3 3 
5 5 
0.0000000000000000   0.0000000000000000   0.0000000000000000   0.0000000000000000   0.5000000000000000   1.0000000000000000   1.0000000000000000   1.0000000000000000   1.0000000000000000 
0.0000000000000000   0.0000000000000000   0.0000000000000000   0.0000000000000000   0.5000000000000000   1.0000000000000000   1.0000000000000000   1.0000000000000000   1.0000000000000000 
0.0120587702840567   -0.1351201652108158   -0.3484826941105976   -0.5657474540836446   -0.6361185908317566   0.0173124976004147   -0.0954838140938985   -0.3550076628919340   -0.5896484143213147   -0.6962385946146622   0.0033477403480046   -0.1251947342294999   -0.3298970805056091   -0.6382031655700248   -0.8168546682948075   -0.0255720509339319   -0.1564972567202823   -0.3912035577864960   -0.5637558342744291   -0.6691282970176907   -0.0754629150032997   -0.2589072556326156   -0.4038190543471450   -0.5281224670250109   -0.5735125541687012 
-0.2084899693727493   -0.2934485662129465   -0.3139362894122610   -0.2739551498182838   -0.2224715799093246   -0.4118536798828433   -0.3663099391457096   -0.4180666040158351   -0.3640413043271259   -0.3055281197393565   -0.4318851387660913   -0.5002778653833174   -0.4402528108110849   -0.5442607353111940   -0.4873823847113113   -0.4176917504225582   -0.3640812420131625   -0.4276532912611746   -0.3554375609344305   -0.2993497032404788   -0.1850634813308716   -0.2592486947619383   -0.2564288652319563   -0.2184966547898976   -0.1520018279552460 
0.2392452061176300   0.2803617942088574   0.2736474007367994   0.2466244166522559   0.2425528615713120   0.2565967348414745   0.2338604133015153   0.2140707920210243   0.2603744242730396   0.2812936325731022   0.0173712591849444   0.0141282075020941   0.0411167962072191   0.0277905980516350   0.0231435207293173   -0.2639390845516321   -0.2414030932503277   -0.2492095842436295   -0.3033134253418617   -0.3425947107987575   -0.2376793920993805   -0.3098443809589050   -0.2434067168327697   -0.2420124061874442   -0.1931587308645248 
1.0000000000000000   1.0000000000000000   1.0000000000000000   1.0000000000000000   1.0000000000000000   1.0000000000000000   1.0000000000000000   1.0000000000000000   1.0000000000000000   1.0000000000000000   1.0000000000000000   1.0000000000000000   1.0000000000000000   1.0000000000000000   1.0000000000000000   1.0000000000000000   1.0000000000000000   1.0000000000000000   1.0000000000000000   1.0000000000000000   1.0000000000000000   1.0000000000000000   1.0000000000000000   1.0000000000000000   1.0000000000000000 
PATCH 8 
3 3 
5 5 
0.0000000000000000   0.0000000000000000   0.0000000000000000   0.0000000000000000   0.5000000000000000   1.0000000000000000   1.0000000000000000   1.0000000000000000   1.0000000000000000 
0.0000000000000000   0.0000000000000000   0.0000000000000000   0.0000000000000000   0.5000000000000000   1.0000000000000000   1.0000000000000000   1.0000000000000000   1.0000000000000000 
0.0120587702840567   0.0173124976004147   0.0033477403480046   -0.0255720509339319   -0.0754629150032997   0.1607129833845427   0.1243148349245772   0.1512808142795229   0.0826595338120184   0.1433210938505004   0.3600755933163649   0.3822185586343164   0.3522937056472620   0.3805242936889792   0.3388556532331751   0.5196289475755204   0.5863925979137135   0.7146851867559023   0.6068583855298064   0.5543421367510453   0.5797284841537476   0.6995797762526007   0.8762072451539200   0.7280192717124010   0.6059685945510864 
-0.2084899693727493   -0.4118536798828433   -0.4318851387660913   -0.4176917504225582   -0.1850634813308716   -0.2659127356361830   -0.3694864141362170   -0.4950642000140233   -0.3601878064078565   -0.3020044533524367   -0.2758464304345362   -0.4326020789194014   -0.4293686032772532   -0.4457358607709744   -0.3178291147890419   -0.2446331717297175   -0.3544913373659610   -0.5494398564248381   -0.3681743961222330   -0.2745358477993535   -0.1716051995754242   -0.2846865527141420   -0.4526231287582371   -0.2999338899986178   -0.1851377636194229 
0.2392452061176300   0.2565967348414745   0.0173712591849444   -0.2639390845516321   -0.2376793920993805   0.2920684666218487   0.2507492834776522   -0.0024706681021027   -0.2186139233134725   -0.2700709516467387   0.2804590983463033   0.2377408518615233   -0.0122956353865701   -0.1988053416463586   -0.2726249319642981   0.2497649250966933   0.3013291039939164   -0.0031770232032559   -0.2819832124628586   -0.2617919408883866   0.2121638506650925   0.3319969624704009   0.0043298232650851   -0.3177656008357088   -0.2306817471981049 
1.0000000000000000   1.0000000000000000   1.0000000000000000   1.0000000000000000   1.0000000000000000   1.0000000000000000   1.0000000000000000   1.0000000000000000   1.0000000000000000   1.0000000000000000   1.0000000000000000   1.0000000000000000   1.0000000000000000   1.0000000000000000   1.0000000000000000   1.0000000000000000   1.0000000000000000   1.0000000000000000   1.0000000000000000   1.0000000000000000   1.0000000000000000   1.0000000000000000   1.0000000000000000   1.0000000000000000   1.0000000000000000 
PATCH 9 
3 3 
5 5 
0.0000000000000000   0.0000000000000000   0.0000000000000000   0.0000000000000000   0.5000000000000000   1.0000000000000000   1.0000000000000000   1.0000000000000000   1.0000000000000000 
0.0000000000000000   0.0000000000000000   0.0000000000000000   0.0000000000000000   0.5000000000000000   1.0000000000000000   1.0000000000000000   1.0000000000000000   1.0000000000000000 
0.5883945822715759   0.7054115761590622   0.7655461828075966   0.6975541703841854   0.5797284841537476   0.6931204848069596   0.7747614785542394   0.9375541499870486   0.7776313796575521   0.6995797762526007   0.8232423583910353   1.0477085389000955   1.0853178054651142   1.0607437283419350   0.8762072451539200   0.6813853054664393   0.7682639387204716   0.9485920343800539   0.8144100429677236   0.7280192717124010   0.5692630410194397   0.6918059966334804   0.7722982017847381   0.7233362047629535   0.6059685945510864 
0.1814445257186890   0.1487583563659728   0.0069778786122849   -0.1350593008250857   -0.1716051995754242   0.2932316635667527   0.2148560357180067   0.0133695801456815   -0.2009350171901020   -0.2846865527141420   0.4766717739683271   0.4129993999280557   0.0183540682585278   -0.3354450271029074   -0.4526231287582371   0.3232174905532614   0.2401217367282985   0.0300249256745726   -0.2067709324822587   -0.2999338899986178   0.1830473244190216   0.1609398537191451   0.0173335258374389   -0.1416318155932020   -0.1851377636194229 
0.2223339229822159   0.2367604680774520   0.2399937876060976   0.2294765791065923   0.2121638506650925   0.3100845409577994   0.3225724355987849   0.2782638189627386   0.3247952541759889   0.3319969624704009   0.0276755467478502   0.0153681217968864   0.0078802546573555   0.0158259946118922   0.0043298232650851   -0.3299055524392970   -0.3361420887094672   -0.2902599581059727   -0.3259519630184258   -0.3177656008357088   -0.2227510958909988   -0.2358640870706336   -0.2573855638335394   -0.2449043805818082   -0.2306817471981049 
1.0000000000000000   1.0000000000000000   1.0000000000000000   1.0000000000000000   1.0000000000000000   1.0000000000000000   1.0000000000000000   1.0000000000000000   1.0000000000000000   1.0000000000000000   1.0000000000000000   1.0000000000000000   1.0000000000000000   1.0000000000000000   1.0000000000000000   1.0000000000000000   1.0000000000000000   1.0000000000000000   1.0000000000000000   1.0000000000000000   1.0000000000000000   1.0000000000000000   1.0000000000000000   1.0000000000000000   1.0000000000000000 
PATCH 10 
3 3 
5 5 
0.0000000000000000   0.0000000000000000   0.0000000000000000   0.0000000000000000   0.5000000000000000   1.0000000000000000   1.0000000000000000   1.0000000000000000   1.0000000000000000 
0.0000000000000000   0.0000000000000000   0.0000000000000000   0.0000000000000000   0.5000000000000000   1.0000000000000000   1.0000000000000000   1.0000000000000000   1.0000000000000000 
0.5883945822715759   0.4850988282457364   0.3132869714622427   0.4486294232373167   0.5797284841537476   0.5639982982058006   0.5332411454459748   0.2813766249249234   0.5015150423489942   0.5488799716302318   0.5241700413871943   0.4724527882902160   0.3528847275072509   0.4814223446295162   0.5260932968170863   0.5446201728113774   0.4927067600937120   0.2790208616648017   0.5450578331246759   0.5723042222250491   0.5692630410194397   0.4409385228508375   0.3139934952321451   0.4947714247920668   0.6059685945510864 
0.1814445257186890   0.1622785276680498   0.0365333614392531   -0.1620147707953993   -0.1716051995754242   0.0917271013442524   0.1535647721587194   0.0314823995502067   -0.1546356855601407   -0.0907704829814140   0.0978142049131373   0.1065823416236586   -0.0123157249284881   -0.1103797570026231   -0.0930834368590637   0.0937664060586501   0.1577796481565927   -0.0519140104153070   -0.1576224415371034   -0.0935156955827779   0.1830473244190216   0.1583331867751207   -0.0502509450473623   -0.1709528543028144   -0.1851377636194229 
0.2223339229822159   0.1644479237930796   0.0896121190033247   0.1373991299099741   0.2121638506650925   0.1478265155580017   0.1267130686087346   0.0490555882605894   0.1051624631473997   0.1265620055264608   0.0024669493917999   0.0012600970536122   -0.0052489671140541   -0.0122568525510645   -0.0141483039324178   -0.1388198332843499   -0.1170598394973778   -0.0596112011839246   -0.1377799396801556   -0.1606769123715311   -0.2227510958909988   -0.1498273017950787   -0.0965933642696320   -0.1742728359587359   -0.2306817471981049 
1.0000000000000000   1.0000000000000000   1.0000000000000000   1.0000000000000000   1.0000000000000000   1.0000000000000000   1.0000000000000000   1.0000000000000000   1.0000000000000000   1.0000000000000000   1.0000000000000000   1.0000000000000000   1.0000000000000000   1.0000000000000000   1.0000000000000000   1.0000000000000000   1.0000000000000000   1.0000000000000000   1.0000000000000000   1.0000000000000000   1.0000000000000000   1.0000000000000000   1.0000000000000000   1.0000000000000000   1.0000000000000000 
PATCH 11 
3 3 
5 5 
0.0000000000000000   0.0000000000000000   0.0000000000000000   0.0000000000000000   0.5000000000000000   1.0000000000000000   1.0000000000000000   1.0000000000000000   1.0000000000000000 
0.0000000000000000   0.0000000000000000   0.0000000000000000   0.0000000000000000   0.5000000000000000   1.0000000000000000   1.0000000000000000   1.0000000000000000   1.0000000000000000 
0.5883945822715759   0.5639982982058006   0.5241700413871943   0.5446201728113774   0.5692630410194397   0.7054115761590622   0.6069109789986643   0.5729801725966158   0.5965593670257969   0.6918059966334804   0.7655461828075966   0.6719512647281388   0.5570430299450886   0.6811000553118930   0.7722982017847381   0.6975541703841854   0.5989840415559137   0.5695304673441581   0.6177284004479130   0.7233362047629535   0.5797284841537476   0.5488799716302318   0.5260932968170863   0.5723042222250491   0.6059685945510864 
0.1814445257186890   0.0917271013442524   0.0978142049131373   0.0937664060586501   0.1830473244190216   0.1487583563659728   0.0878374234404706   0.0529881410502998   0.0969592862389725   0.1609398537191451   0.0069778786122849   0.0053373323698098   -0.0000934265486203   0.0088057221068048   0.0173335258374389   -0.1350593008250857   -0.0868618298108649   -0.0460729041500486   -0.0884715983106350   -0.1416318155932020   -0.1716051995754242   -0.0907704829814140   -0.0930834368590637   -0.0935156955827779   -0.1851377636194229 
0.2223339229822159   0.1478265155580017   0.0024669493917999   -0.1388198332843499   -0.2227510958909988   0.2367604680774520   0.1833851197302313   0.0038004984057444   -0.1756160367638843   -0.2358640870706336   0.2399937876060976   0.1976882123870465   -0.0066107252894856   -0.2088693215287372   -0.2573855638335394   0.2294765791065923   0.1647249194880519   -0.0194286704674988   -0.1944964996987188   -0.2449043805818082   0.2121638506650925   0.1265620055264608   -0.0141483039324178   -0.1606769123715311   -0.2306817471981049 
1.0000000000000000   1.0000000000000000   1.0000000000000000   1.0000000000000000   1.0000000000000000   1.0000000000000000   1.0000000000000000   1.0000000000000000   1.0000000000000000   1.0000000000000000   1.0000000000000000   1.0000000000000000   1.0000000000000000   1.0000000000000000   1.0000000000000000   1.0000000000000000   1.0000000000000000   1.0000000000000000   1.0000000000000000   1.0000000000000000   1.0000000000000000   1.0000000000000000   1.0000000000000000   1.0000000000000000   1.0000000000000000 
PATCH 12 
3 3 
5 5 
0.0000000000000000   0.0000000000000000   0.0000000000000000   0.0000000000000000   0.5000000000000000   1.0000000000000000   1.0000000000000000   1.0000000000000000   1.0000000000000000 
0.0000000000000000   0.0000000000000000   0.0000000000000000   0.0000000000000000   0.5000000000000000   1.0000000000000000   1.0000000000000000   1.0000000000000000   1.0000000000000000 
-0.5735125541687012   -0.6691282970176908   -0.8168546682948072   -0.6962385946146623   -0.6361185908317566   -0.6706034487816648   -0.7483761023324079   -1.0347754227496344   -0.7952936430722831   -0.7125013607111316   -0.7635303718479375   -0.9119235093733676   -1.1115717599835258   -0.9521249409629949   -0.7853106617988351   -0.7061797283982433   -0.7793882290268714   -1.0656101976342440   -0.7734598022053009   -0.6841365804743460   -0.6337227821350098   -0.6951402649403778   -0.8474039523665711   -0.6912679020489418   -0.5850874781608582 
-0.1520018279552460   -0.2993497032404788   -0.4873823847113112   -0.3055281197393565   -0.2224715799093246   -0.1436223586745038   -0.2207688876496249   -0.4184841487619888   -0.2455835739651838   -0.1739010844785779   -0.0125677328994837   -0.0162474181444425   -0.0243769941929673   -0.0072441846976786   -0.0055018128889295   0.1546333593503222   0.2078816670829222   0.3907300194685087   0.2130444036485915   0.1344643092908935   0.2114069461822510   0.2867376567368374   0.4778227527576155   0.2854774683184030   0.1460293382406235 
-0.1931587308645248   -0.3425947107987575   0.0231435207293174   0.2812936325731021   0.2425528615713120   -0.2206177752382695   -0.3372410831241711   -0.0189200796101173   0.3175964498021359   0.2455619042230080   -0.2360532243709453   -0.2861643169617145   -0.0354527584718823   0.2991123317740712   0.2481934942789494   -0.2386212212249848   -0.3178478585986762   -0.0176427458594712   0.3419835027634742   0.2241304581893618   -0.2427839338779449   -0.2906601589919999   -0.0337898910153166   0.3378076861681409   0.1918635219335556 
1.0000000000000000   1.0000000000000000   1.0000000000000000   1.0000000000000000   1.0000000000000000   1.0000000000000000   1.0000000000000000   1.0000000000000000   1.0000000000000000   1.0000000000000000   1.0000000000000000   1.0000000000000000   1.0000000000000000   1.0000000000000000   1.0000000000000000   1.0000000000000000   1.0000000000000000   1.0000000000000000   1.0000000000000000   1.0000000000000000   1.0000000000000000   1.0000000000000000   1.0000000000000000   1.0000000000000000   1.0000000000000000 
PATCH 13 
3 3 
5 5 
0.0000000000000000   0.0000000000000000   0.0000000000000000   0.0000000000000000   0.5000000000000000   1.0000000000000000   1.0000000000000000   1.0000000000000000   1.0000000000000000 
0.0000000000000000   0.0000000000000000   0.0000000000000000   0.0000000000000000   0.5000000000000000   1.0000000000000000   1.0000000000000000   1.0000000000000000   1.0000000000000000 
-0.5735125541687012   -0.6706034487816648   -0.7635303718479375   -0.7061797283982433   -0.6337227821350098   -0.5483260728776457   -0.5855148512346390   -0.6693614327209528   -0.6236473783664001   -0.5777000568583580   -0.5225789018484417   -0.5593828442706501   -0.5548385859098638   -0.5629471437766478   -0.5239195620141377   -0.5815523979016120   -0.6299463576507702   -0.6742995056214075   -0.5916744812272206   -0.5543493142018115   -0.6361185908317566   -0.7125013607111316   -0.7853106617988351   -0.6841365804743460   -0.5850874781608582 
-0.1520018279552460   -0.1436223586745038   -0.0125677328994837   0.1546333593503222   0.2114069461822510   -0.0724721178688019   -0.0758686883223106   -0.0088023355365262   0.1024691399791987   0.1418374486883260   -0.0830409841989339   -0.0488064583021856   -0.0021473446882538   0.0465628851505671   0.0790918610803519   -0.1469383810952989   -0.1109651319044185   -0.0023022548842166   0.0676926874380787   0.0665857297850801   -0.2224715799093246   -0.1739010844785779   -0.0055018128889295   0.1344643092908935   0.1460293382406235 
-0.1931587308645248   -0.2206177752382695   -0.2360532243709453   -0.2386212212249848   -0.2427839338779449   -0.0815333004710414   -0.1538161032407994   -0.1867135707583691   -0.1992168675964593   -0.2131043594317207   0.0751306803633318   0.0547044700136292   0.0016633958520450   -0.0533521576024677   -0.0793123983894390   0.2206493272851967   0.2081049221742252   0.2034568354517354   0.1566070794425096   0.0839064019384236   0.2425528615713120   0.2455619042230080   0.2481934942789494   0.2241304581893618   0.1918635219335556 
1.0000000000000000   1.0000000000000000   1.0000000000000000   1.0000000000000000   1.0000000000000000   1.0000000000000000   1.0000000000000000   1.0000000000000000   1.0000000000000000   1.0000000000000000   1.0000000000000000   1.0000000000000000   1.0000000000000000   1.0000000000000000   1.0000000000000000   1.0000000000000000   1.0000000000000000   1.0000000000000000   1.0000000000000000   1.0000000000000000   1.0000000000000000   1.0000000000000000   1.0000000000000000   1.0000000000000000   1.0000000000000000 
PATCH 14 
3 3 
5 5 
0.0000000000000000   0.0000000000000000   0.0000000000000000   0.0000000000000000   0.5000000000000000   1.0000000000000000   1.0000000000000000   1.0000000000000000   1.0000000000000000 
0.0000000000000000   0.0000000000000000   0.0000000000000000   0.0000000000000000   0.5000000000000000   1.0000000000000000   1.0000000000000000   1.0000000000000000   1.0000000000000000 
0.0074140834622085   0.1564370453059312   0.3446747435976538   0.5036475107636406   0.5692630410194397   0.1499205885956303   0.1418280251688761   0.3613450098746930   0.4350919723389929   0.4409385228508375   0.1358317118329717   0.2427784650620089   0.2960300394193348   0.2865658020908581   0.3139934952321451   0.1239983507787967   0.0948326170508261   0.3845879256091334   0.4903144069609942   0.4947714247920668   -0.0754629150032997   0.1433210938505004   0.3388556532331751   0.5543421367510453   0.6059685945510864 
0.2112152129411697   0.2687439392941132   0.2814344331304191   0.2539411170883130   0.1830473244190216   0.1130138664084183   0.1422019180515436   0.1609463560159540   0.1659016573292828   0.1583331867751207   -0.0211900434095845   -0.0473952656571797   -0.0301007070311820   -0.0593215554825107   -0.0502509450473623   -0.1586721759651268   -0.1685710333189893   -0.2440273331233244   -0.1807025877271436   -0.1709528543028144   -0.1850634813308716   -0.3020044533524367   -0.3178291147890419   -0.2745358477993535   -0.1851377636194229 
-0.2439392805099487   -0.2921267724221657   -0.2768843955817849   -0.2613968324237053   -0.2227510958909988   -0.1938859992187945   -0.2810299648167316   -0.3020193910650784   -0.2015407827956018   -0.1498273017950787   -0.1958372185756834   -0.2369061758639279   -0.2222245330690522   -0.0905849080937161   -0.0965933642696320   -0.1906537854851307   -0.2942279339025759   -0.3285195562486527   -0.2271977734042177   -0.1742728359587359   -0.2376793920993805   -0.2700709516467387   -0.2726249319642981   -0.2617919408883866   -0.2306817471981049 
1.0000000000000000   1.0000000000000000   1.0000000000000000   1.0000000000000000   1.0000000000000000   1.0000000000000000   1.0000000000000000   1.0000000000000000   1.0000000000000000   1.0000000000000000   1.0000000000000000   1.0000000000000000   1.0000000000000000   1.0000000000000000   1.0000000000000000   1.0000000000000000   1.0000000000000000   1.0000000000000000   1.0000000000000000   1.0000000000000000   1.0000000000000000   1.0000000000000000   1.0000000000000000   1.0000000000000000   1.0000000000000000 
PATCH 15 
3 3 
5 5 
0.0000000000000000   0.0000000000000000   0.0000000000000000   0.0000000000000000   0.5000000000000000   1.0000000000000000   1.0000000000000000   1.0000000000000000   1.0000000000000000 
0.0000000000000000   0.0000000000000000   0.0000000000000000   0.0000000000000000   0.5000000000000000   1.0000000000000000   1.0000000000000000   1.0000000000000000   1.0000000000000000 
0.0074140834622085   -0.1253616246457460   -0.1400516249516395   -0.1903776771156944   -0.0754629150032997   -0.1455938833431687   -0.1251399076929075   -0.2478572922527827   -0.2169253282292788   -0.3247906322365793   -0.3535874944414285   -0.3899244691460557   -0.3726677849332806   -0.4534832106194442   -0.4067658493434167   -0.5659115126783788   -0.5219129858634827   -0.4932720665313452   -0.4917541125533774   -0.4894973299551043   -0.6337227821350098   -0.5777000568583580   -0.5239195620141377   -0.5543493142018115   -0.5850874781608582 
0.2112152129411697   0.1513612211644923   0.0321705998149182   -0.0350535438084257   -0.1850634813308716   0.2988657078514368   0.1769780801360872   0.0694654380461132   -0.0502122967841714   -0.0665994296653754   0.3148947751481660   0.2491480790561492   0.0779439270193459   0.0543115951427564   0.0332964190823514   0.2712008634708565   0.1843345523342358   0.0892392819752527   0.1008093563158653   0.1026251153580243   0.2114069461822510   0.1418374486883260   0.0790918610803519   0.0665857297850801   0.1460293382406235 
-0.2439392805099487   -0.2050838998140886   -0.2138496851090918   -0.1985022790936804   -0.2376793920993805   -0.2819616708086617   -0.2954185164633994   -0.2777476767872717   -0.3213792082903558   -0.3219321043938179   -0.2597503541775568   -0.3112754010525097   -0.2318977169683578   -0.1354563367691046   -0.0788402290246701   -0.2459727776318877   -0.2131189182797513   -0.1156522750165781   0.0380716996178342   0.0781562969056821   -0.2427839338779449   -0.2131043594317207   -0.0793123983894390   0.0839064019384236   0.1918635219335556 
1.0000000000000000   1.0000000000000000   1.0000000000000000   1.0000000000000000   1.0000000000000000   1.0000000000000000   1.0000000000000000   1.0000000000000000   1.0000000000000000   1.0000000000000000   1.0000000000000000   1.0000000000000000   1.0000000000000000   1.0000000000000000   1.0000000000000000   1.0000000000000000   1.0000000000000000   1.0000000000000000   1.0000000000000000   1.0000000000000000   1.0000000000000000   1.0000000000000000   1.0000000000000000   1.0000000000000000   1.0000000000000000 
