# nurbs mesh v.2.1
# test.dat
# Generated by BEMBEL, see www.bembel.eu
#
2 3 6 0 0 
PATCH 0 
4 4 
5 5 
0.000000000000000   0.000000000000000   0.000000000000000   0.000000000000000   0.000000000000000   1.000000000000000   1.000000000000000   1.000000000000000   1.000000000000000   1.000000000000000   
0.000000000000000   0.000000000000000   0.000000000000000   0.000000000000000   0.000000000000000   1.000000000000000   1.000000000000000   1.000000000000000   1.000000000000000   1.000000000000000   
1.7320508075688779   0.8365163037378089   0.0   -0.8365163037378089   -1.7320508075688779   1.8971764755176281   0.945272228311383   0.0   -0.945272228311383   -1.8971764755176281   1.943375672974065   0.9859455490991489   0.0   -0.9859455490991489   -1.943375672974065   1.8971764755176281   0.945272228311383   0.0   -0.945272228311383   -1.8971764755176281   1.7320508075688779   0.8365163037378089   0.0   -0.8365163037378089   -1.7320508075688779
1.7320508075688779   1.8971764755176281   1.943375672974065   1.8971764755176281   1.7320508075688779   1.8971764755176281   2.2867785792574917   2.414814565722672   2.2867785792574917   1.8971764755176281   1.943375672974065   2.414814565722672   2.5773502691896257   2.414814565722672   1.943375672974065   1.8971764755176281   2.2867785792574917   2.414814565722672   2.2867785792574917   1.8971764755176281   1.7320508075688779   1.8971764755176281   1.943375672974065   1.8971764755176281   1.7320508075688779
-1.7320508075688779   -1.8971764755176281   -1.943375672974065   -1.8971764755176281   -1.7320508075688779   -0.8365163037378089   -0.945272228311383   -0.9859455490991489   -0.945272228311383   -0.8365163037378089   -0.0   -0.0   -0.0   -0.0   -0.0   0.8365163037378089   0.945272228311383   0.9859455490991489   0.945272228311383   0.8365163037378089   1.7320508075688779   1.8971764755176281   1.943375672974065   1.8971764755176281   1.7320508075688779
1.0   0.891211203608397   0.859116756396542   0.891211203608397   1.0   0.891211203608397   0.762259526419164   0.71866517354005   0.762259526419164   0.891211203608397   0.859116756396542   0.71866517354005   0.671272431591931   0.71866517354005   0.859116756396542   0.891211203608397   0.762259526419164   0.71866517354005   0.762259526419164   0.891211203608397   1.0   0.891211203608397   0.859116756396542   0.891211203608397   1.0
PATCH 1 
4 4 
5 5 
0.000000000000000   0.000000000000000   0.000000000000000   0.000000000000000   0.000000000000000   1.000000000000000   1.000000000000000   1.000000000000000   1.000000000000000   1.000000000000000   
0.000000000000000   0.000000000000000   0.000000000000000   0.000000000000000   0.000000000000000   1.000000000000000   1.000000000000000   1.000000000000000   1.000000000000000   1.000000000000000   
-1.7320508075688779   -1.8971764755176281   -1.943375672974065   -1.8971764755176281   -1.7320508075688779   -1.8971764755176281   -2.2867785792574917   -2.414814565722672   -2.2867785792574917   -1.8971764755176281   -1.943375672974065   -2.414814565722672   -2.5773502691896257   -2.414814565722672   -1.943375672974065   -1.8971764755176281   -2.2867785792574917   -2.414814565722672   -2.2867785792574917   -1.8971764755176281   -1.7320508075688779   -1.8971764755176281   -1.943375672974065   -1.8971764755176281   -1.7320508075688779
1.7320508075688779   0.8365163037378089   0.0   -0.8365163037378089   -1.7320508075688779   1.8971764755176281   0.945272228311383   0.0   -0.945272228311383   -1.8971764755176281   1.943375672974065   0.9859455490991489   0.0   -0.9859455490991489   -1.943375672974065   1.8971764755176281   0.945272228311383   0.0   -0.945272228311383   -1.8971764755176281   1.7320508075688779   0.8365163037378089   0.0   -0.8365163037378089   -1.7320508075688779
-1.7320508075688779   -1.8971764755176281   -1.943375672974065   -1.8971764755176281   -1.7320508075688779   -0.8365163037378089   -0.945272228311383   -0.9859455490991489   -0.945272228311383   -0.8365163037378089   -0.0   -0.0   -0.0   -0.0   -0.0   0.8365163037378089   0.945272228311383   0.9859455490991489   0.945272228311383   0.8365163037378089   1.7320508075688779   1.8971764755176281   1.943375672974065   1.8971764755176281   1.7320508075688779
1.0   0.891211203608397   0.859116756396542   0.891211203608397   1.0   0.891211203608397   0.762259526419164   0.71866517354005   0.762259526419164   0.891211203608397   0.859116756396542   0.71866517354005   0.671272431591931   0.71866517354005   0.859116756396542   0.891211203608397   0.762259526419164   0.71866517354005   0.762259526419164   0.891211203608397   1.0   0.891211203608397   0.859116756396542   0.891211203608397   1.0
PATCH 2 
4 4 
5 5 
0.000000000000000   0.000000000000000   0.000000000000000   0.000000000000000   0.000000000000000   1.000000000000000   1.000000000000000   1.000000000000000   1.000000000000000   1.000000000000000   
0.000000000000000   0.000000000000000   0.000000000000000   0.000000000000000   0.000000000000000   1.000000000000000   1.000000000000000   1.000000000000000   1.000000000000000   1.000000000000000   
-1.7320508075688779   -1.8971764755176281   -1.943375672974065   -1.8971764755176281   -1.7320508075688779   -0.8365163037378089   -0.945272228311383   -0.9859455490991489   -0.945272228311383   -0.8365163037378089   -0.0   -0.0   -0.0   -0.0   -0.0   0.8365163037378089   0.945272228311383   0.9859455490991489   0.945272228311383   0.8365163037378089   1.7320508075688779   1.8971764755176281   1.943375672974065   1.8971764755176281   1.7320508075688779
-1.7320508075688779   -1.8971764755176281   -1.943375672974065   -1.8971764755176281   -1.7320508075688779   -1.8971764755176281   -2.2867785792574917   -2.414814565722672   -2.2867785792574917   -1.8971764755176281   -1.943375672974065   -2.414814565722672   -2.5773502691896257   -2.414814565722672   -1.943375672974065   -1.8971764755176281   -2.2867785792574917   -2.414814565722672   -2.2867785792574917   -1.8971764755176281   -1.7320508075688779   -1.8971764755176281   -1.943375672974065   -1.8971764755176281   -1.7320508075688779
1.7320508075688779   0.8365163037378089   -0.0   -0.8365163037378089   -1.7320508075688779   1.8971764755176281   0.945272228311383   -0.0   -0.945272228311383   -1.8971764755176281   1.943375672974065   0.9859455490991489   -0.0   -0.9859455490991489   -1.943375672974065   1.8971764755176281   0.945272228311383   -0.0   -0.945272228311383   -1.8971764755176281   1.7320508075688779   0.8365163037378089   -0.0   -0.8365163037378089   -1.7320508075688779
1.0   0.891211203608397   0.859116756396542   0.891211203608397   1.0   0.891211203608397   0.762259526419164   0.71866517354005   0.762259526419164   0.891211203608397   0.859116756396542   0.71866517354005   0.671272431591931   0.71866517354005   0.859116756396542   0.891211203608397   0.762259526419164   0.71866517354005   0.762259526419164   0.891211203608397   1.0   0.891211203608397   0.859116756396542   0.891211203608397   1.0
PATCH 3 
4 4 
5 5 
0.000000000000000   0.000000000000000   0.000000000000000   0.000000000000000   0.000000000000000   1.000000000000000   1.000000000000000   1.000000000000000   1.000000000000000   1.000000000000000   
0.000000000000000   0.000000000000000   0.000000000000000   0.000000000000000   0.000000000000000   1.000000000000000   1.000000000000000   1.000000000000000   1.000000000000000   1.000000000000000   
1.7320508075688779   1.8971764755176281   1.943375672974065   1.8971764755176281   1.7320508075688779   1.8971764755176281   2.2867785792574917   2.414814565722672   2.2867785792574917   1.8971764755176281   1.943375672974065   2.414814565722672   2.5773502691896257   2.414814565722672   1.943375672974065   1.8971764755176281   2.2867785792574917   2.414814565722672   2.2867785792574917   1.8971764755176281   1.7320508075688779   1.8971764755176281   1.943375672974065   1.8971764755176281   1.7320508075688779
-1.7320508075688779   -1.8971764755176281   -1.943375672974065   -1.8971764755176281   -1.7320508075688779   -0.8365163037378089   -0.945272228311383   -0.985945549099152   -0.945272228311383   -0.8365163037378089   -0.0   -0.0   -0.0   -0.0   -0.0   0.8365163037378059   0.945272228311383   0.9859455490991489   0.945272228311383   0.8365163037378059   1.7320508075688779   1.8971764755176281   1.943375672974065   1.8971764755176281   1.7320508075688779
1.7320508075688779   0.8365163037378089   -0.0   -0.8365163037378089   -1.7320508075688779   1.8971764755176281   0.945272228311383   -0.0   -0.945272228311383   -1.8971764755176281   1.943375672974065   0.9859455490991489   -0.0   -0.9859455490991489   -1.943375672974065   1.8971764755176281   0.945272228311383   -0.0   -0.945272228311383   -1.8971764755176281   1.7320508075688779   0.8365163037378089   -0.0   -0.8365163037378089   -1.7320508075688779
1.0   0.891211203608397   0.859116756396542   0.891211203608397   1.0   0.891211203608397   0.762259526419164   0.71866517354005   0.762259526419164   0.891211203608397   0.859116756396542   0.71866517354005   0.671272431591931   0.71866517354005   0.859116756396542   0.891211203608397   0.762259526419164   0.71866517354005   0.762259526419164   0.891211203608397   1.0   0.891211203608397   0.859116756396542   0.891211203608397   1.0
PATCH 4 
4 4 
5 5 
0.000000000000000   0.000000000000000   0.000000000000000   0.000000000000000   0.000000000000000   1.000000000000000   1.000000000000000   1.000000000000000   1.000000000000000   1.000000000000000   
0.000000000000000   0.000000000000000   0.000000000000000   0.000000000000000   0.000000000000000   1.000000000000000   1.000000000000000   1.000000000000000   1.000000000000000   1.000000000000000   
-1.7320508075688779   -1.8971764755176281   -1.943375672974065   -1.8971764755176281   -1.7320508075688779   -0.8365163037378089   -0.945272228311383   -0.9859455490991489   -0.945272228311383   -0.8365163037378089   0.0   0.0   0.0   0.0   0.0   0.8365163037378089   0.945272228311383   0.9859455490991489   0.945272228311383   0.8365163037378089   1.7320508075688779   1.8971764755176281   1.943375672974065   1.8971764755176281   1.7320508075688779
1.7320508075688779   0.8365163037378089   0.0   -0.8365163037378089   -1.7320508075688779   1.8971764755176281   0.945272228311383   0.0   -0.945272228311383   -1.8971764755176281   1.943375672974065   0.9859455490991489   0.0   -0.9859455490991489   -1.943375672974065   1.8971764755176281   0.945272228311383   0.0   -0.945272228311383   -1.8971764755176281   1.7320508075688779   0.8365163037378089   0.0   -0.8365163037378089   -1.7320508075688779
1.7320508075688779   1.8971764755176281   1.943375672974065   1.8971764755176281   1.7320508075688779   1.8971764755176281   2.2867785792574917   2.414814565722672   2.2867785792574917   1.8971764755176281   1.943375672974065   2.414814565722672   2.5773502691896257   2.414814565722672   1.943375672974065   1.8971764755176281   2.2867785792574917   2.414814565722672   2.2867785792574917   1.8971764755176281   1.7320508075688779   1.8971764755176281   1.943375672974065   1.8971764755176281   1.7320508075688779
1.0   0.891211203608397   0.859116756396542   0.891211203608397   1.0   0.891211203608397   0.762259526419164   0.71866517354005   0.762259526419164   0.891211203608397   0.859116756396542   0.71866517354005   0.671272431591931   0.71866517354005   0.859116756396542   0.891211203608397   0.762259526419164   0.71866517354005   0.762259526419164   0.891211203608397   1.0   0.891211203608397   0.859116756396542   0.891211203608397   1.0
PATCH 5 
4 4 
5 5 
0.000000000000000   0.000000000000000   0.000000000000000   0.000000000000000   0.000000000000000   1.000000000000000   1.000000000000000   1.000000000000000   1.000000000000000   1.000000000000000   
0.000000000000000   0.000000000000000   0.000000000000000   0.000000000000000   0.000000000000000   1.000000000000000   1.000000000000000   1.000000000000000   1.000000000000000   1.000000000000000   
1.7320508075688779   0.8365163037378089   0.0   -0.8365163037378089   -1.7320508075688779   1.8971764755176281   0.945272228311383   0.0   -0.945272228311383   -1.8971764755176281   1.943375672974065   0.9859455490991489   0.0   -0.9859455490991489   -1.943375672974065   1.8971764755176281   0.945272228311383   0.0   -0.945272228311383   -1.8971764755176281   1.7320508075688779   0.8365163037378089   0.0   -0.8365163037378089   -1.7320508075688779
-1.7320508075688779   -1.8971764755176281   -1.943375672974065   -1.8971764755176281   -1.7320508075688779   -0.8365163037378089   -0.945272228311383   -0.9859455490991489   -0.945272228311383   -0.8365163037378089   0.0   0.0   0.0   0.0   0.0   0.8365163037378089   0.945272228311383   0.9859455490991489   0.945272228311383   0.8365163037378089   1.7320508075688779   1.8971764755176281   1.943375672974065   1.8971764755176281   1.7320508075688779
-1.7320508075688779   -1.8971764755176281   -1.943375672974065   -1.8971764755176281   -1.7320508075688779   -1.8971764755176281   -2.2867785792574917   -2.414814565722672   -2.2867785792574917   -1.8971764755176281   -1.943375672974065   -2.414814565722672   -2.5773502691896257   -2.414814565722672   -1.943375672974065   -1.8971764755176281   -2.2867785792574917   -2.414814565722672   -2.2867785792574917   -1.8971764755176281   -1.7320508075688779   -1.8971764755176281   -1.943375672974065   -1.8971764755176281   -1.7320508075688779
1.0   0.891211203608397   0.859116756396542   0.891211203608397   1.0   0.891211203608397   0.762259526419164   0.71866517354005   0.762259526419164   0.891211203608397   0.859116756396542   0.71866517354005   0.671272431591931   0.71866517354005   0.859116756396542   0.891211203608397   0.762259526419164   0.71866517354005   0.762259526419164   0.891211203608397   1.0   0.891211203608397   0.859116756396542   0.891211203608397   1.0
