# nurbs mesh v.2.1
#
# 07-Mar-2023
#
2 3 56 112 0 
PATCH 1 
1 2 
2 3 
0.000000000000000   0.000000000000000   1.000000000000000   1.000000000000000   
0.000000000000000   0.000000000000000   0.000000000000000   1.000000000000000   1.000000000000000   1.000000000000000   
-0.323223304703363   -0.323223304703363   -0.103553390593274   -0.103553390593274   -0.323223304703363   -0.323223304703363   
-0.676776695296637   -0.676776695296637   -0.353553390593274   -0.353553390593274   -0.323223304703363   -0.323223304703363   
-0.500000000000000   0.500000000000000   -0.353553390593274   0.353553390593274   -0.500000000000000   0.500000000000000   
1.000000000000000   1.000000000000000   0.707106781186547   0.707106781186547   1.000000000000000   1.000000000000000   
PATCH 2 
2 1 
3 2 
0.000000000000000   0.000000000000000   0.000000000000000   1.000000000000000   1.000000000000000   1.000000000000000   
0.000000000000000   0.000000000000000   1.000000000000000   1.000000000000000   
-0.323223304703363   -0.103553390593274   -0.323223304703363   0.000000000000000   0.000000000000000   0.000000000000000   
-0.676776695296637   -0.353553390593274   -0.323223304703363   -1.000000000000000   -0.500000000000000   0.000000000000000   
-0.500000000000000   -0.353553390593274   -0.500000000000000   -0.500000000000000   -0.500000000000000   -0.500000000000000   
1.000000000000000   0.707106781186547   1.000000000000000   1.000000000000000   1.000000000000000   1.000000000000000   
PATCH 3 
1 2 
2 3 
0.000000000000000   0.000000000000000   1.000000000000000   1.000000000000000   
0.000000000000000   0.000000000000000   0.000000000000000   1.000000000000000   1.000000000000000   1.000000000000000   
-0.323223304703363   0.000000000000000   -0.103553390593274   0.000000000000000   -0.323223304703363   0.000000000000000   
-0.676776695296637   -1.000000000000000   -0.353553390593274   -0.500000000000000   -0.323223304703363   0.000000000000000   
0.500000000000000   0.500000000000000   0.353553390593274   0.500000000000000   0.500000000000000   0.500000000000000   
1.000000000000000   1.000000000000000   0.707106781186547   1.000000000000000   1.000000000000000   1.000000000000000   
PATCH 4 
1 2 
2 3 
0.000000000000000   0.000000000000000   1.000000000000000   1.000000000000000   
0.000000000000000   0.000000000000000   0.000000000000000   1.000000000000000   1.000000000000000   1.000000000000000   
-0.323223304703363   -0.323223304703363   -0.353553390593274   -0.353553390593274   -0.676776695296637   -0.676776695296637   
-0.323223304703363   -0.323223304703363   -0.103553390593274   -0.103553390593274   -0.323223304703363   -0.323223304703363   
-0.500000000000000   0.500000000000000   -0.353553390593274   0.353553390593274   -0.500000000000000   0.500000000000000   
1.000000000000000   1.000000000000000   0.707106781186547   0.707106781186547   1.000000000000000   1.000000000000000   
PATCH 5 
2 1 
3 2 
0.000000000000000   0.000000000000000   0.000000000000000   1.000000000000000   1.000000000000000   1.000000000000000   
0.000000000000000   0.000000000000000   1.000000000000000   1.000000000000000   
-0.323223304703363   -0.353553390593274   -0.676776695296637   0.000000000000000   -0.500000000000000   -1.000000000000000   
-0.323223304703363   -0.103553390593274   -0.323223304703363   0.000000000000000   0.000000000000000   0.000000000000000   
-0.500000000000000   -0.353553390593274   -0.500000000000000   -0.500000000000000   -0.500000000000000   -0.500000000000000   
1.000000000000000   0.707106781186547   1.000000000000000   1.000000000000000   1.000000000000000   1.000000000000000   
PATCH 6 
1 2 
2 3 
0.000000000000000   0.000000000000000   1.000000000000000   1.000000000000000   
0.000000000000000   0.000000000000000   0.000000000000000   1.000000000000000   1.000000000000000   1.000000000000000   
-0.323223304703363   0.000000000000000   -0.353553390593274   -0.500000000000000   -0.676776695296637   -1.000000000000000   
-0.323223304703363   0.000000000000000   -0.103553390593274   0.000000000000000   -0.323223304703363   0.000000000000000   
0.500000000000000   0.500000000000000   0.353553390593274   0.500000000000000   0.500000000000000   0.500000000000000   
1.000000000000000   1.000000000000000   0.707106781186547   1.000000000000000   1.000000000000000   1.000000000000000   
PATCH 7 
1 2 
2 3 
0.000000000000000   0.000000000000000   1.000000000000000   1.000000000000000   
0.000000000000000   0.000000000000000   0.000000000000000   1.000000000000000   1.000000000000000   1.000000000000000   
-0.676776695296637   -0.676776695296637   -0.603553390593274   -0.603553390593274   -0.676776695296637   -0.676776695296637   
-0.323223304703363   -0.323223304703363   -0.353553390593274   -0.353553390593274   -0.676776695296637   -0.676776695296637   
-0.500000000000000   0.500000000000000   -0.353553390593274   0.353553390593274   -0.500000000000000   0.500000000000000   
1.000000000000000   1.000000000000000   0.707106781186547   0.707106781186547   1.000000000000000   1.000000000000000   
PATCH 8 
2 1 
3 2 
0.000000000000000   0.000000000000000   0.000000000000000   1.000000000000000   1.000000000000000   1.000000000000000   
0.000000000000000   0.000000000000000   1.000000000000000   1.000000000000000   
-1.000000000000000   -1.000000000000000   -1.000000000000000   -1.000000000000000   -1.000000000000000   -1.000000000000000   
0.000000000000000   -0.500000000000000   -1.000000000000000   0.000000000000000   -0.500000000000000   -1.000000000000000   
-0.500000000000000   -0.500000000000000   -0.500000000000000   0.500000000000000   0.500000000000000   0.500000000000000   
1.000000000000000   1.000000000000000   1.000000000000000   1.000000000000000   1.000000000000000   1.000000000000000   
PATCH 9 
2 1 
3 2 
0.000000000000000   0.000000000000000   0.000000000000000   1.000000000000000   1.000000000000000   1.000000000000000   
0.000000000000000   0.000000000000000   1.000000000000000   1.000000000000000   
-0.676776695296637   -0.603553390593274   -0.676776695296637   -1.000000000000000   -1.000000000000000   -1.000000000000000   
-0.323223304703363   -0.353553390593274   -0.676776695296637   0.000000000000000   -0.500000000000000   -1.000000000000000   
-0.500000000000000   -0.353553390593274   -0.500000000000000   -0.500000000000000   -0.500000000000000   -0.500000000000000   
1.000000000000000   0.707106781186547   1.000000000000000   1.000000000000000   1.000000000000000   1.000000000000000   
PATCH 10 
1 2 
2 3 
0.000000000000000   0.000000000000000   1.000000000000000   1.000000000000000   
0.000000000000000   0.000000000000000   0.000000000000000   1.000000000000000   1.000000000000000   1.000000000000000   
-0.676776695296637   -1.000000000000000   -0.603553390593274   -1.000000000000000   -0.676776695296637   -1.000000000000000   
-0.323223304703363   0.000000000000000   -0.353553390593274   -0.500000000000000   -0.676776695296637   -1.000000000000000   
0.500000000000000   0.500000000000000   0.353553390593274   0.500000000000000   0.500000000000000   0.500000000000000   
1.000000000000000   1.000000000000000   0.707106781186547   1.000000000000000   1.000000000000000   1.000000000000000   
PATCH 11 
1 2 
2 3 
0.000000000000000   0.000000000000000   1.000000000000000   1.000000000000000   
0.000000000000000   0.000000000000000   0.000000000000000   1.000000000000000   1.000000000000000   1.000000000000000   
-0.676776695296637   -0.676776695296637   -0.353553390593274   -0.353553390593274   -0.323223304703363   -0.323223304703363   
-0.676776695296637   -0.676776695296637   -0.603553390593274   -0.603553390593274   -0.676776695296637   -0.676776695296637   
-0.500000000000000   0.500000000000000   -0.353553390593274   0.353553390593274   -0.500000000000000   0.500000000000000   
1.000000000000000   1.000000000000000   0.707106781186547   0.707106781186547   1.000000000000000   1.000000000000000   
PATCH 12 
2 1 
3 2 
0.000000000000000   0.000000000000000   0.000000000000000   1.000000000000000   1.000000000000000   1.000000000000000   
0.000000000000000   0.000000000000000   1.000000000000000   1.000000000000000   
-1.000000000000000   -0.500000000000000   -0.000000000000000   -1.000000000000000   -0.500000000000000   -0.000000000000000   
-1.000000000000000   -1.000000000000000   -1.000000000000000   -1.000000000000000   -1.000000000000000   -1.000000000000000   
-0.500000000000000   -0.500000000000000   -0.500000000000000   0.500000000000000   0.500000000000000   0.500000000000000   
1.000000000000000   1.000000000000000   1.000000000000000   1.000000000000000   1.000000000000000   1.000000000000000   
PATCH 13 
2 1 
3 2 
0.000000000000000   0.000000000000000   0.000000000000000   1.000000000000000   1.000000000000000   1.000000000000000   
0.000000000000000   0.000000000000000   1.000000000000000   1.000000000000000   
-0.676776695296637   -0.353553390593274   -0.323223304703363   -1.000000000000000   -0.500000000000000   -0.000000000000000   
-0.676776695296637   -0.603553390593274   -0.676776695296637   -1.000000000000000   -1.000000000000000   -1.000000000000000   
-0.500000000000000   -0.353553390593274   -0.500000000000000   -0.500000000000000   -0.500000000000000   -0.500000000000000   
1.000000000000000   0.707106781186547   1.000000000000000   1.000000000000000   1.000000000000000   1.000000000000000   
PATCH 14 
1 2 
2 3 
0.000000000000000   0.000000000000000   1.000000000000000   1.000000000000000   
0.000000000000000   0.000000000000000   0.000000000000000   1.000000000000000   1.000000000000000   1.000000000000000   
-0.676776695296637   -1.000000000000000   -0.353553390593274   -0.500000000000000   -0.323223304703363   -0.000000000000000   
-0.676776695296637   -1.000000000000000   -0.603553390593274   -1.000000000000000   -0.676776695296637   -1.000000000000000   
0.500000000000000   0.500000000000000   0.353553390593274   0.500000000000000   0.500000000000000   0.500000000000000   
1.000000000000000   1.000000000000000   0.707106781186547   1.000000000000000   1.000000000000000   1.000000000000000   
PATCH 15 
1 2 
2 3 
0.000000000000000   0.000000000000000   1.000000000000000   1.000000000000000   
0.000000000000000   0.000000000000000   0.000000000000000   1.000000000000000   1.000000000000000   1.000000000000000   
-0.323223304703363   -0.323223304703363   -0.103553390593274   -0.103553390593274   -0.323223304703363   -0.323223304703363   
0.323223304703363   0.323223304703363   0.353553390593274   0.353553390593274   0.676776695296637   0.676776695296637   
-0.500000000000000   0.500000000000000   -0.353553390593274   0.353553390593274   -0.500000000000000   0.500000000000000   
1.000000000000000   1.000000000000000   0.707106781186547   0.707106781186547   1.000000000000000   1.000000000000000   
PATCH 16 
2 1 
3 2 
0.000000000000000   0.000000000000000   0.000000000000000   1.000000000000000   1.000000000000000   1.000000000000000   
0.000000000000000   0.000000000000000   1.000000000000000   1.000000000000000   
-0.323223304703363   -0.103553390593274   -0.323223304703363   0.000000000000000   0.000000000000000   0.000000000000000   
0.323223304703363   0.353553390593274   0.676776695296637   0.000000000000000   0.500000000000000   1.000000000000000   
-0.500000000000000   -0.353553390593274   -0.500000000000000   -0.500000000000000   -0.500000000000000   -0.500000000000000   
1.000000000000000   0.707106781186547   1.000000000000000   1.000000000000000   1.000000000000000   1.000000000000000   
PATCH 17 
1 2 
2 3 
0.000000000000000   0.000000000000000   1.000000000000000   1.000000000000000   
0.000000000000000   0.000000000000000   0.000000000000000   1.000000000000000   1.000000000000000   1.000000000000000   
-0.323223304703363   0.000000000000000   -0.103553390593274   0.000000000000000   -0.323223304703363   0.000000000000000   
0.323223304703363   0.000000000000000   0.353553390593274   0.500000000000000   0.676776695296637   1.000000000000000   
0.500000000000000   0.500000000000000   0.353553390593274   0.500000000000000   0.500000000000000   0.500000000000000   
1.000000000000000   1.000000000000000   0.707106781186547   1.000000000000000   1.000000000000000   1.000000000000000   
PATCH 18 
1 2 
2 3 
0.000000000000000   0.000000000000000   1.000000000000000   1.000000000000000   
0.000000000000000   0.000000000000000   0.000000000000000   1.000000000000000   1.000000000000000   1.000000000000000   
-0.323223304703363   -0.323223304703363   -0.353553390593274   -0.353553390593274   -0.676776695296637   -0.676776695296637   
0.676776695296637   0.676776695296637   0.603553390593274   0.603553390593274   0.676776695296637   0.676776695296637   
-0.500000000000000   0.500000000000000   -0.353553390593274   0.353553390593274   -0.500000000000000   0.500000000000000   
1.000000000000000   1.000000000000000   0.707106781186547   0.707106781186547   1.000000000000000   1.000000000000000   
PATCH 19 
2 1 
3 2 
0.000000000000000   0.000000000000000   0.000000000000000   1.000000000000000   1.000000000000000   1.000000000000000   
0.000000000000000   0.000000000000000   1.000000000000000   1.000000000000000   
0.000000000000000   -0.500000000000000   -1.000000000000000   0.000000000000000   -0.500000000000000   -1.000000000000000   
1.000000000000000   1.000000000000000   1.000000000000000   1.000000000000000   1.000000000000000   1.000000000000000   
-0.500000000000000   -0.500000000000000   -0.500000000000000   0.500000000000000   0.500000000000000   0.500000000000000   
1.000000000000000   1.000000000000000   1.000000000000000   1.000000000000000   1.000000000000000   1.000000000000000   
PATCH 20 
2 1 
3 2 
0.000000000000000   0.000000000000000   0.000000000000000   1.000000000000000   1.000000000000000   1.000000000000000   
0.000000000000000   0.000000000000000   1.000000000000000   1.000000000000000   
-0.323223304703363   -0.353553390593274   -0.676776695296637   0.000000000000000   -0.500000000000000   -1.000000000000000   
0.676776695296637   0.603553390593274   0.676776695296637   1.000000000000000   1.000000000000000   1.000000000000000   
-0.500000000000000   -0.353553390593274   -0.500000000000000   -0.500000000000000   -0.500000000000000   -0.500000000000000   
1.000000000000000   0.707106781186547   1.000000000000000   1.000000000000000   1.000000000000000   1.000000000000000   
PATCH 21 
1 2 
2 3 
0.000000000000000   0.000000000000000   1.000000000000000   1.000000000000000   
0.000000000000000   0.000000000000000   0.000000000000000   1.000000000000000   1.000000000000000   1.000000000000000   
-0.323223304703363   0.000000000000000   -0.353553390593274   -0.500000000000000   -0.676776695296637   -1.000000000000000   
0.676776695296637   1.000000000000000   0.603553390593274   1.000000000000000   0.676776695296637   1.000000000000000   
0.500000000000000   0.500000000000000   0.353553390593274   0.500000000000000   0.500000000000000   0.500000000000000   
1.000000000000000   1.000000000000000   0.707106781186547   1.000000000000000   1.000000000000000   1.000000000000000   
PATCH 22 
1 2 
2 3 
0.000000000000000   0.000000000000000   1.000000000000000   1.000000000000000   
0.000000000000000   0.000000000000000   0.000000000000000   1.000000000000000   1.000000000000000   1.000000000000000   
-0.676776695296637   -0.676776695296637   -0.603553390593274   -0.603553390593274   -0.676776695296637   -0.676776695296637   
0.676776695296637   0.676776695296637   0.353553390593274   0.353553390593274   0.323223304703363   0.323223304703363   
-0.500000000000000   0.500000000000000   -0.353553390593274   0.353553390593274   -0.500000000000000   0.500000000000000   
1.000000000000000   1.000000000000000   0.707106781186547   0.707106781186547   1.000000000000000   1.000000000000000   
PATCH 23 
2 1 
3 2 
0.000000000000000   0.000000000000000   0.000000000000000   1.000000000000000   1.000000000000000   1.000000000000000   
0.000000000000000   0.000000000000000   1.000000000000000   1.000000000000000   
-1.000000000000000   -1.000000000000000   -1.000000000000000   -1.000000000000000   -1.000000000000000   -1.000000000000000   
1.000000000000000   0.500000000000000   0.000000000000000   1.000000000000000   0.500000000000000   0.000000000000000   
-0.500000000000000   -0.500000000000000   -0.500000000000000   0.500000000000000   0.500000000000000   0.500000000000000   
1.000000000000000   1.000000000000000   1.000000000000000   1.000000000000000   1.000000000000000   1.000000000000000   
PATCH 24 
2 1 
3 2 
0.000000000000000   0.000000000000000   0.000000000000000   1.000000000000000   1.000000000000000   1.000000000000000   
0.000000000000000   0.000000000000000   1.000000000000000   1.000000000000000   
-0.676776695296637   -0.603553390593274   -0.676776695296637   -1.000000000000000   -1.000000000000000   -1.000000000000000   
0.676776695296637   0.353553390593274   0.323223304703363   1.000000000000000   0.500000000000000   0.000000000000000   
-0.500000000000000   -0.353553390593274   -0.500000000000000   -0.500000000000000   -0.500000000000000   -0.500000000000000   
1.000000000000000   0.707106781186547   1.000000000000000   1.000000000000000   1.000000000000000   1.000000000000000   
PATCH 25 
1 2 
2 3 
0.000000000000000   0.000000000000000   1.000000000000000   1.000000000000000   
0.000000000000000   0.000000000000000   0.000000000000000   1.000000000000000   1.000000000000000   1.000000000000000   
-0.676776695296637   -1.000000000000000   -0.603553390593274   -1.000000000000000   -0.676776695296637   -1.000000000000000   
0.676776695296637   1.000000000000000   0.353553390593274   0.500000000000000   0.323223304703363   0.000000000000000   
0.500000000000000   0.500000000000000   0.353553390593274   0.500000000000000   0.500000000000000   0.500000000000000   
1.000000000000000   1.000000000000000   0.707106781186547   1.000000000000000   1.000000000000000   1.000000000000000   
PATCH 26 
1 2 
2 3 
0.000000000000000   0.000000000000000   1.000000000000000   1.000000000000000   
0.000000000000000   0.000000000000000   0.000000000000000   1.000000000000000   1.000000000000000   1.000000000000000   
-0.676776695296637   -0.676776695296637   -0.353553390593274   -0.353553390593274   -0.323223304703363   -0.323223304703363   
0.323223304703363   0.323223304703363   0.103553390593274   0.103553390593274   0.323223304703363   0.323223304703363   
-0.500000000000000   0.500000000000000   -0.353553390593274   0.353553390593274   -0.500000000000000   0.500000000000000   
1.000000000000000   1.000000000000000   0.707106781186547   0.707106781186547   1.000000000000000   1.000000000000000   
PATCH 27 
2 1 
3 2 
0.000000000000000   0.000000000000000   0.000000000000000   1.000000000000000   1.000000000000000   1.000000000000000   
0.000000000000000   0.000000000000000   1.000000000000000   1.000000000000000   
-0.676776695296637   -0.353553390593274   -0.323223304703363   -1.000000000000000   -0.500000000000000   -0.000000000000000   
0.323223304703363   0.103553390593274   0.323223304703363   0.000000000000000   0.000000000000000   0.000000000000000   
-0.500000000000000   -0.353553390593274   -0.500000000000000   -0.500000000000000   -0.500000000000000   -0.500000000000000   
1.000000000000000   0.707106781186547   1.000000000000000   1.000000000000000   1.000000000000000   1.000000000000000   
PATCH 28 
1 2 
2 3 
0.000000000000000   0.000000000000000   1.000000000000000   1.000000000000000   
0.000000000000000   0.000000000000000   0.000000000000000   1.000000000000000   1.000000000000000   1.000000000000000   
-0.676776695296637   -1.000000000000000   -0.353553390593274   -0.500000000000000   -0.323223304703363   -0.000000000000000   
0.323223304703363   0.000000000000000   0.103553390593274   0.000000000000000   0.323223304703363   0.000000000000000   
0.500000000000000   0.500000000000000   0.353553390593274   0.500000000000000   0.500000000000000   0.500000000000000   
1.000000000000000   1.000000000000000   0.707106781186547   1.000000000000000   1.000000000000000   1.000000000000000   
PATCH 29 
1 2 
2 3 
0.000000000000000   0.000000000000000   1.000000000000000   1.000000000000000   
0.000000000000000   0.000000000000000   0.000000000000000   1.000000000000000   1.000000000000000   1.000000000000000   
0.676776695296637   0.676776695296637   0.603553390593274   0.603553390593274   0.676776695296637   0.676776695296637   
-0.676776695296637   -0.676776695296637   -0.353553390593274   -0.353553390593274   -0.323223304703363   -0.323223304703363   
-0.500000000000000   0.500000000000000   -0.353553390593274   0.353553390593274   -0.500000000000000   0.500000000000000   
1.000000000000000   1.000000000000000   0.707106781186547   0.707106781186547   1.000000000000000   1.000000000000000   
PATCH 30 
2 1 
3 2 
0.000000000000000   0.000000000000000   0.000000000000000   1.000000000000000   1.000000000000000   1.000000000000000   
0.000000000000000   0.000000000000000   1.000000000000000   1.000000000000000   
1.000000000000000   1.000000000000000   1.000000000000000   1.000000000000000   1.000000000000000   1.000000000000000   
-1.000000000000000   -0.500000000000000   0.000000000000000   -1.000000000000000   -0.500000000000000   0.000000000000000   
-0.500000000000000   -0.500000000000000   -0.500000000000000   0.500000000000000   0.500000000000000   0.500000000000000   
1.000000000000000   1.000000000000000   1.000000000000000   1.000000000000000   1.000000000000000   1.000000000000000   
PATCH 31 
2 1 
3 2 
0.000000000000000   0.000000000000000   0.000000000000000   1.000000000000000   1.000000000000000   1.000000000000000   
0.000000000000000   0.000000000000000   1.000000000000000   1.000000000000000   
0.676776695296637   0.603553390593274   0.676776695296637   1.000000000000000   1.000000000000000   1.000000000000000   
-0.676776695296637   -0.353553390593274   -0.323223304703363   -1.000000000000000   -0.500000000000000   0.000000000000000   
-0.500000000000000   -0.353553390593274   -0.500000000000000   -0.500000000000000   -0.500000000000000   -0.500000000000000   
1.000000000000000   0.707106781186547   1.000000000000000   1.000000000000000   1.000000000000000   1.000000000000000   
PATCH 32 
1 2 
2 3 
0.000000000000000   0.000000000000000   1.000000000000000   1.000000000000000   
0.000000000000000   0.000000000000000   0.000000000000000   1.000000000000000   1.000000000000000   1.000000000000000   
0.676776695296637   1.000000000000000   0.603553390593274   1.000000000000000   0.676776695296637   1.000000000000000   
-0.676776695296637   -1.000000000000000   -0.353553390593274   -0.500000000000000   -0.323223304703363   0.000000000000000   
0.500000000000000   0.500000000000000   0.353553390593274   0.500000000000000   0.500000000000000   0.500000000000000   
1.000000000000000   1.000000000000000   0.707106781186547   1.000000000000000   1.000000000000000   1.000000000000000   
PATCH 33 
1 2 
2 3 
0.000000000000000   0.000000000000000   1.000000000000000   1.000000000000000   
0.000000000000000   0.000000000000000   0.000000000000000   1.000000000000000   1.000000000000000   1.000000000000000   
0.676776695296637   0.676776695296637   0.353553390593274   0.353553390593274   0.323223304703363   0.323223304703363   
-0.323223304703363   -0.323223304703363   -0.103553390593274   -0.103553390593274   -0.323223304703363   -0.323223304703363   
-0.500000000000000   0.500000000000000   -0.353553390593274   0.353553390593274   -0.500000000000000   0.500000000000000   
1.000000000000000   1.000000000000000   0.707106781186547   0.707106781186547   1.000000000000000   1.000000000000000   
PATCH 34 
2 1 
3 2 
0.000000000000000   0.000000000000000   0.000000000000000   1.000000000000000   1.000000000000000   1.000000000000000   
0.000000000000000   0.000000000000000   1.000000000000000   1.000000000000000   
0.676776695296637   0.353553390593274   0.323223304703363   1.000000000000000   0.500000000000000   0.000000000000000   
-0.323223304703363   -0.103553390593274   -0.323223304703363   0.000000000000000   0.000000000000000   0.000000000000000   
-0.500000000000000   -0.353553390593274   -0.500000000000000   -0.500000000000000   -0.500000000000000   -0.500000000000000   
1.000000000000000   0.707106781186547   1.000000000000000   1.000000000000000   1.000000000000000   1.000000000000000   
PATCH 35 
1 2 
2 3 
0.000000000000000   0.000000000000000   1.000000000000000   1.000000000000000   
0.000000000000000   0.000000000000000   0.000000000000000   1.000000000000000   1.000000000000000   1.000000000000000   
0.676776695296637   1.000000000000000   0.353553390593274   0.500000000000000   0.323223304703363   0.000000000000000   
-0.323223304703363   0.000000000000000   -0.103553390593274   0.000000000000000   -0.323223304703363   0.000000000000000   
0.500000000000000   0.500000000000000   0.353553390593274   0.500000000000000   0.500000000000000   0.500000000000000   
1.000000000000000   1.000000000000000   0.707106781186547   1.000000000000000   1.000000000000000   1.000000000000000   
PATCH 36 
1 2 
2 3 
0.000000000000000   0.000000000000000   1.000000000000000   1.000000000000000   
0.000000000000000   0.000000000000000   0.000000000000000   1.000000000000000   1.000000000000000   1.000000000000000   
0.323223304703363   0.323223304703363   0.103553390593274   0.103553390593274   0.323223304703363   0.323223304703363   
-0.323223304703363   -0.323223304703363   -0.353553390593274   -0.353553390593274   -0.676776695296637   -0.676776695296637   
-0.500000000000000   0.500000000000000   -0.353553390593274   0.353553390593274   -0.500000000000000   0.500000000000000   
1.000000000000000   1.000000000000000   0.707106781186547   0.707106781186547   1.000000000000000   1.000000000000000   
PATCH 37 
2 1 
3 2 
0.000000000000000   0.000000000000000   0.000000000000000   1.000000000000000   1.000000000000000   1.000000000000000   
0.000000000000000   0.000000000000000   1.000000000000000   1.000000000000000   
0.323223304703363   0.103553390593274   0.323223304703363   0.000000000000000   0.000000000000000   0.000000000000000   
-0.323223304703363   -0.353553390593274   -0.676776695296637   0.000000000000000   -0.500000000000000   -1.000000000000000   
-0.500000000000000   -0.353553390593274   -0.500000000000000   -0.500000000000000   -0.500000000000000   -0.500000000000000   
1.000000000000000   0.707106781186547   1.000000000000000   1.000000000000000   1.000000000000000   1.000000000000000   
PATCH 38 
1 2 
2 3 
0.000000000000000   0.000000000000000   1.000000000000000   1.000000000000000   
0.000000000000000   0.000000000000000   0.000000000000000   1.000000000000000   1.000000000000000   1.000000000000000   
0.323223304703363   0.000000000000000   0.103553390593274   0.000000000000000   0.323223304703363   0.000000000000000   
-0.323223304703363   0.000000000000000   -0.353553390593274   -0.500000000000000   -0.676776695296637   -1.000000000000000   
0.500000000000000   0.500000000000000   0.353553390593274   0.500000000000000   0.500000000000000   0.500000000000000   
1.000000000000000   1.000000000000000   0.707106781186547   1.000000000000000   1.000000000000000   1.000000000000000   
PATCH 39 
1 2 
2 3 
0.000000000000000   0.000000000000000   1.000000000000000   1.000000000000000   
0.000000000000000   0.000000000000000   0.000000000000000   1.000000000000000   1.000000000000000   1.000000000000000   
0.323223304703363   0.323223304703363   0.353553390593274   0.353553390593274   0.676776695296637   0.676776695296637   
-0.676776695296637   -0.676776695296637   -0.603553390593274   -0.603553390593274   -0.676776695296637   -0.676776695296637   
-0.500000000000000   0.500000000000000   -0.353553390593274   0.353553390593274   -0.500000000000000   0.500000000000000   
1.000000000000000   1.000000000000000   0.707106781186547   0.707106781186547   1.000000000000000   1.000000000000000   
PATCH 40 
2 1 
3 2 
0.000000000000000   0.000000000000000   0.000000000000000   1.000000000000000   1.000000000000000   1.000000000000000   
0.000000000000000   0.000000000000000   1.000000000000000   1.000000000000000   
0.000000000000000   0.500000000000000   1.000000000000000   0.000000000000000   0.500000000000000   1.000000000000000   
-1.000000000000000   -1.000000000000000   -1.000000000000000   -1.000000000000000   -1.000000000000000   -1.000000000000000   
-0.500000000000000   -0.500000000000000   -0.500000000000000   0.500000000000000   0.500000000000000   0.500000000000000   
1.000000000000000   1.000000000000000   1.000000000000000   1.000000000000000   1.000000000000000   1.000000000000000   
PATCH 41 
2 1 
3 2 
0.000000000000000   0.000000000000000   0.000000000000000   1.000000000000000   1.000000000000000   1.000000000000000   
0.000000000000000   0.000000000000000   1.000000000000000   1.000000000000000   
0.323223304703363   0.353553390593274   0.676776695296637   0.000000000000000   0.500000000000000   1.000000000000000   
-0.676776695296637   -0.603553390593274   -0.676776695296637   -1.000000000000000   -1.000000000000000   -1.000000000000000   
-0.500000000000000   -0.353553390593274   -0.500000000000000   -0.500000000000000   -0.500000000000000   -0.500000000000000   
1.000000000000000   0.707106781186547   1.000000000000000   1.000000000000000   1.000000000000000   1.000000000000000   
PATCH 42 
1 2 
2 3 
0.000000000000000   0.000000000000000   1.000000000000000   1.000000000000000   
0.000000000000000   0.000000000000000   0.000000000000000   1.000000000000000   1.000000000000000   1.000000000000000   
0.323223304703363   0.000000000000000   0.353553390593274   0.500000000000000   0.676776695296637   1.000000000000000   
-0.676776695296637   -1.000000000000000   -0.603553390593274   -1.000000000000000   -0.676776695296637   -1.000000000000000   
0.500000000000000   0.500000000000000   0.353553390593274   0.500000000000000   0.500000000000000   0.500000000000000   
1.000000000000000   1.000000000000000   0.707106781186547   1.000000000000000   1.000000000000000   1.000000000000000   
PATCH 43 
1 2 
2 3 
0.000000000000000   0.000000000000000   1.000000000000000   1.000000000000000   
0.000000000000000   0.000000000000000   0.000000000000000   1.000000000000000   1.000000000000000   1.000000000000000   
0.676776695296637   0.676776695296637   0.603553390593274   0.603553390593274   0.676776695296637   0.676776695296637   
0.323223304703363   0.323223304703363   0.353553390593274   0.353553390593274   0.676776695296637   0.676776695296637   
-0.500000000000000   0.500000000000000   -0.353553390593274   0.353553390593274   -0.500000000000000   0.500000000000000   
1.000000000000000   1.000000000000000   0.707106781186547   0.707106781186547   1.000000000000000   1.000000000000000   
PATCH 44 
2 1 
3 2 
0.000000000000000   0.000000000000000   0.000000000000000   1.000000000000000   1.000000000000000   1.000000000000000   
0.000000000000000   0.000000000000000   1.000000000000000   1.000000000000000   
1.000000000000000   1.000000000000000   1.000000000000000   1.000000000000000   1.000000000000000   1.000000000000000   
0.000000000000000   0.500000000000000   1.000000000000000   0.000000000000000   0.500000000000000   1.000000000000000   
-0.500000000000000   -0.500000000000000   -0.500000000000000   0.500000000000000   0.500000000000000   0.500000000000000   
1.000000000000000   1.000000000000000   1.000000000000000   1.000000000000000   1.000000000000000   1.000000000000000   
PATCH 45 
2 1 
3 2 
0.000000000000000   0.000000000000000   0.000000000000000   1.000000000000000   1.000000000000000   1.000000000000000   
0.000000000000000   0.000000000000000   1.000000000000000   1.000000000000000   
0.676776695296637   0.603553390593274   0.676776695296637   1.000000000000000   1.000000000000000   1.000000000000000   
0.323223304703363   0.353553390593274   0.676776695296637   0.000000000000000   0.500000000000000   1.000000000000000   
-0.500000000000000   -0.353553390593274   -0.500000000000000   -0.500000000000000   -0.500000000000000   -0.500000000000000   
1.000000000000000   0.707106781186547   1.000000000000000   1.000000000000000   1.000000000000000   1.000000000000000   
PATCH 46 
1 2 
2 3 
0.000000000000000   0.000000000000000   1.000000000000000   1.000000000000000   
0.000000000000000   0.000000000000000   0.000000000000000   1.000000000000000   1.000000000000000   1.000000000000000   
0.676776695296637   1.000000000000000   0.603553390593274   1.000000000000000   0.676776695296637   1.000000000000000   
0.323223304703363   0.000000000000000   0.353553390593274   0.500000000000000   0.676776695296637   1.000000000000000   
0.500000000000000   0.500000000000000   0.353553390593274   0.500000000000000   0.500000000000000   0.500000000000000   
1.000000000000000   1.000000000000000   0.707106781186547   1.000000000000000   1.000000000000000   1.000000000000000   
PATCH 47 
1 2 
2 3 
0.000000000000000   0.000000000000000   1.000000000000000   1.000000000000000   
0.000000000000000   0.000000000000000   0.000000000000000   1.000000000000000   1.000000000000000   1.000000000000000   
0.676776695296637   0.676776695296637   0.353553390593274   0.353553390593274   0.323223304703363   0.323223304703363   
0.676776695296637   0.676776695296637   0.603553390593274   0.603553390593274   0.676776695296637   0.676776695296637   
-0.500000000000000   0.500000000000000   -0.353553390593274   0.353553390593274   -0.500000000000000   0.500000000000000   
1.000000000000000   1.000000000000000   0.707106781186547   0.707106781186547   1.000000000000000   1.000000000000000   
PATCH 48 
2 1 
3 2 
0.000000000000000   0.000000000000000   0.000000000000000   1.000000000000000   1.000000000000000   1.000000000000000   
0.000000000000000   0.000000000000000   1.000000000000000   1.000000000000000   
1.000000000000000   0.500000000000000   0.000000000000000   1.000000000000000   0.500000000000000   0.000000000000000   
1.000000000000000   1.000000000000000   1.000000000000000   1.000000000000000   1.000000000000000   1.000000000000000   
-0.500000000000000   -0.500000000000000   -0.500000000000000   0.500000000000000   0.500000000000000   0.500000000000000   
1.000000000000000   1.000000000000000   1.000000000000000   1.000000000000000   1.000000000000000   1.000000000000000   
PATCH 49 
2 1 
3 2 
0.000000000000000   0.000000000000000   0.000000000000000   1.000000000000000   1.000000000000000   1.000000000000000   
0.000000000000000   0.000000000000000   1.000000000000000   1.000000000000000   
0.676776695296637   0.353553390593274   0.323223304703363   1.000000000000000   0.500000000000000   0.000000000000000   
0.676776695296637   0.603553390593274   0.676776695296637   1.000000000000000   1.000000000000000   1.000000000000000   
-0.500000000000000   -0.353553390593274   -0.500000000000000   -0.500000000000000   -0.500000000000000   -0.500000000000000   
1.000000000000000   0.707106781186547   1.000000000000000   1.000000000000000   1.000000000000000   1.000000000000000   
PATCH 50 
1 2 
2 3 
0.000000000000000   0.000000000000000   1.000000000000000   1.000000000000000   
0.000000000000000   0.000000000000000   0.000000000000000   1.000000000000000   1.000000000000000   1.000000000000000   
0.676776695296637   1.000000000000000   0.353553390593274   0.500000000000000   0.323223304703363   0.000000000000000   
0.676776695296637   1.000000000000000   0.603553390593274   1.000000000000000   0.676776695296637   1.000000000000000   
0.500000000000000   0.500000000000000   0.353553390593274   0.500000000000000   0.500000000000000   0.500000000000000   
1.000000000000000   1.000000000000000   0.707106781186547   1.000000000000000   1.000000000000000   1.000000000000000   
PATCH 51 
1 2 
2 3 
0.000000000000000   0.000000000000000   1.000000000000000   1.000000000000000   
0.000000000000000   0.000000000000000   0.000000000000000   1.000000000000000   1.000000000000000   1.000000000000000   
0.323223304703363   0.323223304703363   0.103553390593274   0.103553390593274   0.323223304703363   0.323223304703363   
0.676776695296637   0.676776695296637   0.353553390593274   0.353553390593274   0.323223304703363   0.323223304703363   
-0.500000000000000   0.500000000000000   -0.353553390593274   0.353553390593274   -0.500000000000000   0.500000000000000   
1.000000000000000   1.000000000000000   0.707106781186547   0.707106781186547   1.000000000000000   1.000000000000000   
PATCH 52 
2 1 
3 2 
0.000000000000000   0.000000000000000   0.000000000000000   1.000000000000000   1.000000000000000   1.000000000000000   
0.000000000000000   0.000000000000000   1.000000000000000   1.000000000000000   
0.323223304703363   0.103553390593274   0.323223304703363   0.000000000000000   0.000000000000000   0.000000000000000   
0.676776695296637   0.353553390593274   0.323223304703363   1.000000000000000   0.500000000000000   0.000000000000000   
-0.500000000000000   -0.353553390593274   -0.500000000000000   -0.500000000000000   -0.500000000000000   -0.500000000000000   
1.000000000000000   0.707106781186547   1.000000000000000   1.000000000000000   1.000000000000000   1.000000000000000   
PATCH 53 
1 2 
2 3 
0.000000000000000   0.000000000000000   1.000000000000000   1.000000000000000   
0.000000000000000   0.000000000000000   0.000000000000000   1.000000000000000   1.000000000000000   1.000000000000000   
0.323223304703363   0.000000000000000   0.103553390593274   0.000000000000000   0.323223304703363   0.000000000000000   
0.676776695296637   1.000000000000000   0.353553390593274   0.500000000000000   0.323223304703363   0.000000000000000   
0.500000000000000   0.500000000000000   0.353553390593274   0.500000000000000   0.500000000000000   0.500000000000000   
1.000000000000000   1.000000000000000   0.707106781186547   1.000000000000000   1.000000000000000   1.000000000000000   
PATCH 54 
1 2 
2 3 
0.000000000000000   0.000000000000000   1.000000000000000   1.000000000000000   
0.000000000000000   0.000000000000000   0.000000000000000   1.000000000000000   1.000000000000000   1.000000000000000   
0.323223304703363   0.323223304703363   0.353553390593274   0.353553390593274   0.676776695296637   0.676776695296637   
0.323223304703363   0.323223304703363   0.103553390593274   0.103553390593274   0.323223304703363   0.323223304703363   
-0.500000000000000   0.500000000000000   -0.353553390593274   0.353553390593274   -0.500000000000000   0.500000000000000   
1.000000000000000   1.000000000000000   0.707106781186547   0.707106781186547   1.000000000000000   1.000000000000000   
PATCH 55 
2 1 
3 2 
0.000000000000000   0.000000000000000   0.000000000000000   1.000000000000000   1.000000000000000   1.000000000000000   
0.000000000000000   0.000000000000000   1.000000000000000   1.000000000000000   
0.323223304703363   0.353553390593274   0.676776695296637   0.000000000000000   0.500000000000000   1.000000000000000   
0.323223304703363   0.103553390593274   0.323223304703363   0.000000000000000   0.000000000000000   0.000000000000000   
-0.500000000000000   -0.353553390593274   -0.500000000000000   -0.500000000000000   -0.500000000000000   -0.500000000000000   
1.000000000000000   0.707106781186547   1.000000000000000   1.000000000000000   1.000000000000000   1.000000000000000   
PATCH 56 
1 2 
2 3 
0.000000000000000   0.000000000000000   1.000000000000000   1.000000000000000   
0.000000000000000   0.000000000000000   0.000000000000000   1.000000000000000   1.000000000000000   1.000000000000000   
0.323223304703363   0.000000000000000   0.353553390593274   0.500000000000000   0.676776695296637   1.000000000000000   
0.323223304703363   0.000000000000000   0.103553390593274   0.000000000000000   0.323223304703363   0.000000000000000   
0.500000000000000   0.500000000000000   0.353553390593274   0.500000000000000   0.500000000000000   0.500000000000000   
1.000000000000000   1.000000000000000   0.707106781186547   1.000000000000000   1.000000000000000   1.000000000000000   
INTERFACE 1 
1 1 
2 3 
1 
INTERFACE 2 
1 2 
3 1 
1 
INTERFACE 3 
1 3 
11 4 
1 
INTERFACE 4 
1 4 
4 3 
1 
INTERFACE 5 
2 1 
13 2 
1 
INTERFACE 6 
2 2 
5 1 
1 
INTERFACE 7 
2 4 
37 4 
-1 
INTERFACE 8 
3 2 
38 2 
-1 
INTERFACE 9 
3 3 
14 4 
1 
INTERFACE 10 
3 4 
6 3 
1 
INTERFACE 11 
4 1 
5 3 
1 
INTERFACE 12 
4 2 
6 1 
1 
INTERFACE 13 
4 4 
7 3 
1 
INTERFACE 14 
5 2 
9 1 
1 
INTERFACE 15 
5 4 
27 4 
-1 
INTERFACE 16 
6 2 
28 2 
-1 
INTERFACE 17 
6 4 
10 3 
1 
INTERFACE 18 
7 1 
9 3 
1 
INTERFACE 19 
7 2 
10 1 
1 
INTERFACE 20 
7 4 
11 3 
1 
INTERFACE 21 
8 1 
23 2 
1 
INTERFACE 22 
8 2 
12 1 
1 
INTERFACE 23 
8 3 
9 4 
1 
INTERFACE 24 
8 4 
10 2 
1 
INTERFACE 25 
9 2 
13 1 
1 
INTERFACE 26 
10 4 
14 3 
1 
INTERFACE 27 
11 1 
13 3 
1 
INTERFACE 28 
11 2 
14 1 
1 
INTERFACE 29 
12 2 
40 1 
1 
INTERFACE 30 
12 3 
13 4 
1 
INTERFACE 31 
12 4 
14 2 
1 
INTERFACE 32 
15 1 
16 3 
1 
INTERFACE 33 
15 2 
17 1 
1 
INTERFACE 34 
15 3 
26 4 
1 
INTERFACE 35 
15 4 
18 3 
1 
INTERFACE 36 
16 1 
27 2 
1 
INTERFACE 37 
16 2 
20 1 
1 
INTERFACE 38 
16 4 
52 4 
-1 
INTERFACE 39 
17 2 
53 2 
-1 
INTERFACE 40 
17 3 
28 4 
1 
INTERFACE 41 
17 4 
21 3 
1 
INTERFACE 42 
18 1 
20 3 
1 
INTERFACE 43 
18 2 
21 1 
1 
INTERFACE 44 
18 4 
22 3 
1 
INTERFACE 45 
19 1 
48 2 
1 
INTERFACE 46 
19 2 
23 1 
1 
INTERFACE 47 
19 3 
20 4 
1 
INTERFACE 48 
19 4 
21 2 
1 
INTERFACE 49 
20 2 
24 1 
1 
INTERFACE 50 
21 4 
25 3 
1 
INTERFACE 51 
22 1 
24 3 
1 
INTERFACE 52 
22 2 
25 1 
1 
INTERFACE 53 
22 4 
26 3 
1 
INTERFACE 54 
23 3 
24 4 
1 
INTERFACE 55 
23 4 
25 2 
1 
INTERFACE 56 
24 2 
27 1 
1 
INTERFACE 57 
25 4 
28 3 
1 
INTERFACE 58 
26 1 
27 3 
1 
INTERFACE 59 
26 2 
28 1 
1 
INTERFACE 60 
29 1 
31 3 
1 
INTERFACE 61 
29 2 
32 1 
1 
INTERFACE 62 
29 3 
39 4 
1 
INTERFACE 63 
29 4 
33 3 
1 
INTERFACE 64 
30 1 
40 2 
1 
INTERFACE 65 
30 2 
44 1 
1 
INTERFACE 66 
30 3 
31 4 
1 
INTERFACE 67 
30 4 
32 2 
1 
INTERFACE 68 
31 1 
41 2 
1 
INTERFACE 69 
31 2 
34 1 
1 
INTERFACE 70 
32 3 
42 4 
1 
INTERFACE 71 
32 4 
35 3 
1 
INTERFACE 72 
33 1 
34 3 
1 
INTERFACE 73 
33 2 
35 1 
1 
INTERFACE 74 
33 4 
36 3 
1 
INTERFACE 75 
34 2 
37 1 
1 
INTERFACE 76 
34 4 
55 4 
-1 
INTERFACE 77 
35 2 
56 2 
-1 
INTERFACE 78 
35 4 
38 3 
1 
INTERFACE 79 
36 1 
37 3 
1 
INTERFACE 80 
36 2 
38 1 
1 
INTERFACE 81 
36 4 
39 3 
1 
INTERFACE 82 
37 2 
41 1 
1 
INTERFACE 83 
38 4 
42 3 
1 
INTERFACE 84 
39 1 
41 3 
1 
INTERFACE 85 
39 2 
42 1 
1 
INTERFACE 86 
40 3 
41 4 
1 
INTERFACE 87 
40 4 
42 2 
1 
INTERFACE 88 
43 1 
45 3 
1 
INTERFACE 89 
43 2 
46 1 
1 
INTERFACE 90 
43 3 
54 4 
1 
INTERFACE 91 
43 4 
47 3 
1 
INTERFACE 92 
44 2 
48 1 
1 
INTERFACE 93 
44 3 
45 4 
1 
INTERFACE 94 
44 4 
46 2 
1 
INTERFACE 95 
45 1 
55 2 
1 
INTERFACE 96 
45 2 
49 1 
1 
INTERFACE 97 
46 3 
56 4 
1 
INTERFACE 98 
46 4 
50 3 
1 
INTERFACE 99 
47 1 
49 3 
1 
INTERFACE 100 
47 2 
50 1 
1 
INTERFACE 101 
47 4 
51 3 
1 
INTERFACE 102 
48 3 
49 4 
1 
INTERFACE 103 
48 4 
50 2 
1 
INTERFACE 104 
49 2 
52 1 
1 
INTERFACE 105 
50 4 
53 3 
1 
INTERFACE 106 
51 1 
52 3 
1 
INTERFACE 107 
51 2 
53 1 
1 
INTERFACE 108 
51 4 
54 3 
1 
INTERFACE 109 
52 2 
55 1 
1 
INTERFACE 110 
53 4 
56 3 
1 
INTERFACE 111 
54 1 
55 3 
1 
INTERFACE 112 
54 2 
56 1 
1 
